1.392186695150830822e+01 1.274362357705547666e+01 1.172926774837909569e+01 1.045521210940334278e+01 1.022623196303880633e+01 9.866051359480064065e+00 9.585642293951654125e+00 9.690736827256849040e+00
1.424433098602365000e+01 1.290936651253607970e+01 1.167825741597984290e+01 1.061925310277625201e+01 1.026563494918557140e+01 9.973881374756322415e+00 9.582756384526337712e+00 9.461000499151612786e+00
1.418843188097629060e+01 1.282842154822943392e+01 1.136887564755339852e+01 1.043598472484474371e+01 9.789731028825684689e+00 9.155158789538049291e+00 8.551405685916463995e+00 7.541853686791560207e+00
1.269850811555987669e+01 1.176296565347049494e+01 1.101044787009323578e+01 1.047538483776517282e+01 9.990974709420449074e+00 9.600167052263797629e+00 9.317891930626295505e+00 9.379019215660843400e+00
1.258701640916059183e+01 1.181928512385068508e+01 1.136701355711326400e+01 1.110628446051065055e+01 1.100334185651414209e+01 1.079630699282483519e+01 1.062810389214011941e+01 1.003680814205176475e+01
1.397676443451842587e+01 1.278298520291856377e+01 1.172458611139127349e+01 1.062748881512010257e+01 1.015984069823842262e+01 9.764164028906602510e+00 9.489784697853604456e+00 9.138978032256932948e+00
1.203694671868714039e+01 1.124271673913675507e+01 1.088288780022022806e+01 1.070826853269066703e+01 1.059483132387948956e+01 1.040342472618989333e+01 1.020962982378032002e+01 1.013005038185070461e+01
1.286421920184443479e+01 1.222936880444776619e+01 1.182520919102599066e+01 1.107358862188626247e+01 1.096667073412648463e+01 1.078671683150421501e+01 1.060539641847008596e+01 1.040720538448814736e+01
1.480928473973840909e+01 1.344931867974018402e+01 1.199785402549251323e+01 1.077799406957711170e+01 1.012200634041577985e+01 9.573070624807325402e+00 9.075255648325827096e+00 8.777202242851103620e+00
1.343577681375178301e+01 1.240274949050790454e+01 1.153747507065201461e+01 1.081665938524474235e+01 1.035653450194073066e+01 9.885417466328075164e+00 9.517653099793097482e+00 9.470296242619314242e+00
1.360970841356477656e+01 1.246756293525651316e+01 1.143358673529473890e+01 1.041652451440188365e+01 1.036073789938892808e+01 1.017445521461881874e+01 9.710061428116132376e+00 9.501549420731887352e+00
1.611286804932884920e+01 1.458761687539075602e+01 1.311113340543167816e+01 1.182845178092317084e+01 1.112312790237747251e+01 1.057270996261128104e+01 1.009513342243366374e+01 9.421019083865273203e+00
1.092957467627517154e+01 1.027805546803263859e+01 1.015173772454934387e+01 1.012479353665796467e+01 1.009529561558180788e+01 1.006919098917675370e+01 9.985536757375419015e+00 1.006453057246579696e+01
1.656849614864574960e+01 1.607707924296539304e+01 1.572305368754300225e+01 1.495421029711867078e+01 1.415787381456931371e+01 1.313087951153304189e+01 1.158760607623170635e+01 7.850099238919544753e+00
1.182545361400828376e+01 1.123983221297753943e+01 1.109125997338288983e+01 1.099833429132849005e+01 1.109775790216155755e+01 1.098638603265513325e+01 1.099832627972725874e+01 1.076450123553269300e+01
1.125906915541314213e+01 1.060068123487212510e+01 1.045542825426750966e+01 1.042221198788280567e+01 1.045115847020182542e+01 1.038456076407885398e+01 1.036905114511730375e+01 1.027077772614041429e+01
1.374727103818032603e+01 1.266681314965208571e+01 1.170095238266476301e+01 1.092161817883714470e+01 1.089601956416738560e+01 1.085528280081543961e+01 1.042142995740650591e+01 1.010313202225854567e+01
1.250120100384672917e+01 1.172410302045730290e+01 1.139516224234363051e+01 1.127608117501816665e+01 1.140403268644458912e+01 1.122977407009566164e+01 1.111427803891243293e+01 1.061775475649222322e+01
1.219436398527110832e+01 1.147624794392673842e+01 1.116286986143266091e+01 1.083568610659997944e+01 1.068943573194712826e+01 1.050314826224638942e+01 1.032752028816341827e+01 9.803187963498588786e+00
1.661584118977383540e+01 1.549042517843151856e+01 1.462630854722426044e+01 1.390501153952618019e+01 1.340404773688442219e+01 1.285156679014021819e+01 1.173530315958289805e+01 9.366220605320766168e+00
9.941285179787865189e+00 9.129926418503313101e+00 8.796969785393523367e+00 8.663780307888689691e+00 8.724062731147713023e+00 8.620579691001173828e+00 8.579866388062535876e+00 8.659559133462972014e+00
1.533002571884362553e+01 1.441097530695211404e+01 1.366073406033708970e+01 1.310633965609558516e+01 1.327763390300717816e+01 1.298706078036449263e+01 1.255843000892480532e+01 1.082390458795901367e+01
1.185324337821937846e+01 1.105394181088079719e+01 1.066859464399939483e+01 1.052375661515346650e+01 1.051818302431198759e+01 1.041747886822224523e+01 1.032112955839578206e+01 1.025971156620809133e+01
1.262445990366316551e+01 1.194621230689709712e+01 1.168002974295725238e+01 1.150661975075698784e+01 1.151840194803246220e+01 1.146948797137486942e+01 1.139588126079080332e+01 1.072435686695090418e+01
1.150178665072931317e+01 1.090653317870397920e+01 1.071656585794871930e+01 1.063370685683246997e+01 1.063637019277243567e+01 1.055603897609730879e+01 1.053084323376873144e+01 1.039532246184997177e+01
1.257805592632787572e+01 1.163931254014295646e+01 1.119835273488902949e+01 1.099446356992134000e+01 1.100639082286703996e+01 1.093537735322651372e+01 1.085941407488809141e+01 1.074832552696521759e+01
1.272580654539427591e+01 1.201382919038293551e+01 1.177256510348272656e+01 1.156628622782248250e+01 1.140999403899653863e+01 1.124185593839449560e+01 1.104208219362027243e+01 1.070526457103716744e+01
1.236300174918383377e+01 1.154173112055718420e+01 1.119858313729952215e+01 1.095743006118282459e+01 1.088109088415242454e+01 1.071929097502161987e+01 1.052149759860771994e+01 9.611681174223159374e+00
1.239141874302962698e+01 1.164124617363746772e+01 1.121147331996680307e+01 1.118740528943580337e+01 1.112244814890104472e+01 1.095340202458204359e+01 1.073995098594530084e+01 1.021895732138690072e+01
1.222202822662635135e+01 1.147199589167188272e+01 1.103243996613228539e+01 1.047120087804125887e+01 1.039757508696455623e+01 1.017080270138702147e+01 9.944232829821046948e+00 8.849050549992403703e+00
1.225592324279426215e+01 1.142356820690993402e+01 1.111984935247412665e+01 1.077720300491205663e+01 1.063637019277243567e+01 1.046062263368817646e+01 1.029972283830609747e+01 9.927934184553235397e+00
1.274986617712467307e+01 1.202671585644635144e+01 1.154871556299053026e+01 1.089133317112195343e+01 1.078395895904043655e+01 1.059208132757275145e+01 1.041149179918779488e+01 1.012270448697229774e+01
1.234168763002064573e+01 1.152918334311288362e+01 1.112414947392950815e+01 1.092433139025682287e+01 1.093547969422434463e+01 1.075787496721091863e+01 1.058141742907977800e+01 1.017359407302522811e+01
1.400277193922524788e+01 1.347315731908133252e+01 1.305114337960864468e+01 1.184080767395510669e+01 1.126745228592837123e+01 1.058850393980662830e+01 9.629396042888867413e+00 7.441681489772314251e+00
1.244546549110775047e+01 1.174402128586445215e+01 1.129317345491404545e+01 1.083152140565630717e+01 1.075608498050495498e+01 1.053004046582415398e+01 1.037214746632556128e+01 9.906098987180088855e+00
1.262816951382416875e+01 1.189257697506949363e+01 1.153958113318796386e+01 1.121025882821229303e+01 1.114077975185259461e+01 1.091085362905069900e+01 1.079980716110013184e+01 1.045979149141909481e+01
1.231563212468900304e+01 1.153191179225443719e+01 1.114763834830137235e+01 1.133156131876115680e+01 1.124022597124626976e+01 1.115695842287770745e+01 1.091420088750181883e+01 1.071579726031298918e+01
1.279475359584875349e+01 1.196998366556269389e+01 1.149412670799510039e+01 1.086787097161561810e+01 1.065542829327542584e+01 1.050525123839729780e+01 1.020798818868433777e+01 9.606377127500941526e+00
1.274699392607300652e+01 1.193765822658245490e+01 1.157887901183697288e+01 1.142363964925376330e+01 1.141977951961670179e+01 1.119091653996520108e+01 1.094934363389997856e+01 1.004280234233881330e+01
1.216530490635556561e+01 1.139378822293491034e+01 1.099366422571370450e+01 1.055487958498555301e+01 1.049030513162992051e+01 1.028181315276957974e+01 1.008373547747795129e+01 9.226342091997889128e+00
1.257554993706293978e+01 1.184007294159333412e+01 1.153190343561897180e+01 1.092705139887296539e+01 1.082476757422952751e+01 1.056696531320558208e+01 1.038558734339058631e+01 9.937223198542422864e+00
1.300849967384954020e+01 1.235716398865423926e+01 1.207113184844051013e+01 1.154699455069150815e+01 1.143984665137511847e+01 1.122801721501207162e+01 1.101329039420044076e+01 1.042011506915162578e+01
1.466175867511755726e+01 1.446732283987939027e+01 1.397679972146026373e+01 1.235410253412515047e+01 1.141043692548228528e+01 1.054787668774264553e+01 9.326962461282553463e+00 7.037695124566178961e+00
1.280872249889225323e+01 1.206898289280537995e+01 1.177426628972821376e+01 1.130256849581637368e+01 1.115907470473598906e+01 1.097915009867113945e+01 1.081154111999743428e+01 1.053952098798846038e+01
1.333091404317717021e+01 1.257734766655797642e+01 1.219701895504045730e+01 1.167184719007749294e+01 1.154114588781117057e+01 1.127586792012998984e+01 1.098944581724963676e+01 9.918018716509230615e+00
1.236623760372109793e+01 1.172243568541742675e+01 1.121383767451949609e+01 1.101888511694521888e+01 1.083906746754409411e+01 1.062515535019518609e+01 1.041595271659893562e+01 1.006679218716045199e+01
1.209529599890724683e+01 1.125610181206232241e+01 1.086109938472468883e+01 1.061720389888749061e+01 1.057618272450386954e+01 1.035890021899291824e+01 1.020409922460745022e+01 9.489129953452232868e+00
1.260547798234790307e+01 1.182270884177817649e+01 1.151132323837602733e+01 1.130038971736215991e+01 1.122480919814498002e+01 1.104187981901386273e+01 1.084199448238040198e+01 1.058572950222349363e+01
1.239679653867812981e+01 1.169230411783674839e+01 1.131465121821191033e+01 1.129197212680100293e+01 1.089395293793954878e+01 1.079414671387169733e+01 1.036193931048777372e+01 9.191848077973165942e+00
1.248600532855498280e+01 1.173423036700286737e+01 1.134713647171676776e+01 1.122616472670123322e+01 1.100975460481476809e+01 1.081214876509134548e+01 1.056221050557207519e+01 9.999239946622962449e+00
1.221546564120292722e+01 1.136334186402608282e+01 1.099518089754686834e+01 1.078912992314273822e+01 1.082644778058375579e+01 1.064344329193714422e+01 1.052231898526000364e+01 1.026882811849722188e+01
1.202115049624263676e+01 1.139233971308289028e+01 1.124982061925356724e+01 1.115411426955214225e+01 1.123909046177750071e+01 1.113579118810751822e+01 1.109275908142796574e+01 1.078655528245849382e+01
1.147320417451225083e+01 1.080256015634328648e+01 1.065841693929327860e+01 1.055552413009486834e+01 1.059274336899609281e+01 1.050299820541458828e+01 1.046835493576377907e+01 1.067200466909681111e+01
1.245139419108469525e+01 1.169275232290523370e+01 1.131183570187136667e+01 1.063996071466258186e+01 1.073471767459498061e+01 1.048780033233420639e+01 1.030598843972844669e+01 9.966313651493813097e+00
1.202670034660704879e+01 1.123271665712215395e+01 1.073745184582390699e+01 1.045638842176624728e+01 1.048651547261754757e+01 1.030444507027209866e+01 1.009679795318176332e+01 9.706055907595171561e+00
1.257723785634660274e+01 1.180287002887919812e+01 1.141870616245019399e+01 1.129082931331114814e+01 1.120409970534425526e+01 1.105004421768986766e+01 1.075003841872478283e+01 9.992121332627505126e+00
1.292393792613709991e+01 1.181338428021657272e+01 1.103422884399876835e+01 1.051378422628820886e+01 1.041425878595492449e+01 1.026807024275052704e+01 9.990560221941876762e+00 9.981156482855336520e+00
1.285397858247312008e+01 1.177556177387408809e+01 1.097333473985381858e+01 1.058891388616227403e+01 1.043751267426516982e+01 1.028046767878988632e+01 1.011339718093956463e+01 9.859954396354574158e+00
1.256127746505341136e+01 1.181837840941839346e+01 1.136846243406728796e+01 1.112029415430564683e+01 1.100242883372333047e+01 1.077682439211052312e+01 1.061102891926330472e+01 1.045376990146980489e+01
1.302898482898386767e+01 1.221136487835707385e+01 1.188773202195203993e+01 1.172713028528459844e+01 1.157026262944419770e+01 1.138988801020481034e+01 1.115030444304562174e+01 1.013382805393702668e+01
1.569839174061080200e+01 1.480523671123348528e+01 1.404410255815260200e+01 1.401096332187844240e+01 1.361045280856837181e+01 1.311329838846923401e+01 1.201223794540182865e+01 9.150042955587231575e+00
1.564748792128291655e+01 1.496965455270508727e+01 1.417870641718081970e+01 1.254982766632409863e+01 1.186034282274699159e+01 1.009155713261546339e+01 8.243303060867141596e+00 3.681909371113681217e+00
1.241509580367050702e+01 1.159562224153388144e+01 1.109610381900721876e+01 1.054589590083133288e+01 1.027337917748697826e+01 9.923456701640972710e+00 8.386653485014493370e+00 5.377307834687825583e+00
1.199560590801437066e+01 1.118403904883611943e+01 1.068017238677678549e+01 1.071795934241650805e+01 1.061062030117290433e+01 1.040246686445616753e+01 1.021147963508301970e+01 9.891140272427023206e+00
1.344455044164987179e+01 1.275424065886836544e+01 1.252430615018747240e+01 1.218688039246459454e+01 1.177806294115515406e+01 1.099532218355087920e+01 9.500418829923347630e+00 6.116618492429810594e+00
1.206064186100056901e+01 1.118326187985941012e+01 1.065421283959614662e+01 1.029686804259377197e+01 1.018677287271446730e+01 9.940303906048201910e+00 9.887673729887705321e+00 9.272031983722580861e+00
1.194470098347479237e+01 1.122835808344743569e+01 1.075154629360528702e+01 1.069939929721849126e+01 1.048651547261754757e+01 1.029325565961164202e+01 9.916603655451881494e+00 8.436747700257043903e+00
1.261303373793001548e+01 1.192028702264110684e+01 1.162166463770315161e+01 1.124182175971416520e+01 1.102610961602865203e+01 1.082782028512910344e+01 1.063689532644721325e+01 1.053702446767774603e+01
1.296656285504022676e+01 1.226213397293344798e+01 1.196788960322378692e+01 1.143604490093401438e+01 1.137599390067293648e+01 1.117547594586257276e+01 1.093362849148380178e+01 9.928218818505516907e+00
1.574362182579113068e+01 1.539918397648603943e+01 1.441664401014078223e+01 1.336101547161892356e+01 1.283823046957759217e+01 1.223271291906520375e+01 1.151075138131009723e+01 8.792095977148413510e+00
1.544515470357803189e+01 1.497337009788893347e+01 1.294477594298783885e+01 1.053255823073507180e+01 9.784268818241606880e+00 9.051046567795058451e+00 8.331748159711519719e+00 6.264457563186207167e+00
1.221242820827161957e+01 1.137147240019678307e+01 1.099730246341517947e+01 1.081583965232187872e+01 1.084800253696195682e+01 1.064293111194269770e+01 1.037620987130281236e+01 9.067745766422042664e+00
1.324976227340784263e+01 1.237522642926288263e+01 1.196492978299927223e+01 1.123492894114455076e+01 1.062664227718015830e+01 9.925217831313013050e+00 8.960861921924138329e+00 6.791651892466655127e+00
1.262235822696813869e+01 1.170192558809824313e+01 1.102960101057549558e+01 1.055294824227985373e+01 1.062020508714935474e+01 1.050060011232535118e+01 1.006848153177522853e+01 9.939378150367465636e+00
1.241515391223970965e+01 1.159645364106246923e+01 1.123375314513404177e+01 1.105198633627756166e+01 1.111162957626633840e+01 1.095727112321187491e+01 1.079100146640275604e+01 1.034632713481929045e+01
1.355161921550273263e+01 1.300834871777928115e+01 1.260816866135278858e+01 1.168217122543883590e+01 1.108340548625032085e+01 1.047047985251921709e+01 9.606886144033255803e+00 7.857894409607193431e+00
1.175894273667711332e+01 1.115254379788070693e+01 1.089673920531451223e+01 1.078037072766896998e+01 1.078869581796387322e+01 1.070293374257205343e+01 1.068991423261802787e+01 1.047076215374115549e+01
1.238375350682955656e+01 1.154880587114550394e+01 1.122066283727587432e+01 1.111057591354733809e+01 1.111922511897539145e+01 1.095045257743089095e+01 1.067531054303141325e+01 9.348552288036470870e+00
1.622477700773890774e+01 1.549726630066780686e+01 1.474671609728859245e+01 1.451028287433434727e+01 1.431119127067898944e+01 1.416605328396447483e+01 1.214308070245481375e+01 9.206392651869480304e+00
1.496317259838045466e+01 1.496822425691730452e+01 1.358306608953670391e+01 1.148774224458377802e+01 1.082567197761773059e+01 1.026060314235927962e+01 9.486614662887015825e+00 7.545336150267694109e+00
1.287923249644437718e+01 1.225790938734787971e+01 1.189506872646350288e+01 1.123179932242289070e+01 1.110642783193005023e+01 1.092714107804026824e+01 1.070536523094343195e+01 1.039444739736193668e+01
1.219348988299989855e+01 1.134126416662077119e+01 1.096018207489342799e+01 1.087736852581791780e+01 1.102346999864256993e+01 1.075012305193063966e+01 1.032752028816341827e+01 8.455282893977461356e+00
1.213702696847384033e+01 1.143784069528014413e+01 1.109623569397785658e+01 1.084238303580296048e+01 1.067978770678531042e+01 1.047325014716531832e+01 1.012113024314373888e+01 8.677402365037110599e+00
1.268977288956287985e+01 1.183362844707761141e+01 1.141690519536907189e+01 1.108718010477596394e+01 1.100669619094801988e+01 1.082277268791718150e+01 1.035346614730836379e+01 9.099123830910581745e+00
1.152424127368351314e+01 1.092393370448274048e+01 1.069223558612945446e+01 1.046762741500824490e+01 1.043120285705965244e+01 1.036615123146467710e+01 1.035487375710546942e+01 1.018507396142256560e+01
1.241073080998709344e+01 1.144436354616197526e+01 1.101245503516437552e+01 1.083652096723685432e+01 1.087269003796067324e+01 1.074242609146978289e+01 1.069119345068030213e+01 9.731048831727827420e+00
1.260750549484278693e+01 1.190423934707599152e+01 1.169510035749479471e+01 1.150229348720830913e+01 1.151864662098104830e+01 1.110531703058370567e+01 1.011302136362713888e+01 8.061741481222956196e+00
1.237988379407270401e+01 1.163908345516872878e+01 1.129379969791112259e+01 1.063439995369913404e+01 1.075960635583778036e+01 1.054366265563900562e+01 1.039504651457765760e+01 1.002538499957634777e+01
1.299751173242343683e+01 1.229336368750566066e+01 1.185183923104718495e+01 1.128261118344216385e+01 1.111533631427151292e+01 1.084763018515966415e+01 1.050331336510123137e+01 9.193293798832261388e+00
1.312698986137947088e+01 1.250815080346949593e+01 1.221537928168744180e+01 1.164390816028190656e+01 1.147829610644026488e+01 1.131826783084014920e+01 1.112567694891380654e+01 1.047687899360887442e+01
1.270916520046119480e+01 1.198479756632782234e+01 1.160307500594595354e+01 1.112835039092268374e+01 1.100486526942684762e+01 1.085486776403486608e+01 1.067562593481424393e+01 1.023980680191062298e+01
1.235781713528118608e+01 1.152650820776620222e+01 1.121073347189906144e+01 1.107775252422760381e+01 1.102161059552547684e+01 1.073906409812704865e+01 9.639066435963064450e+00 7.671276979367030791e+00
1.225771014849528484e+01 1.147207513208551966e+01 1.104417835655393709e+01 1.086358121413966060e+01 1.078085383707969669e+01 1.063003582806160630e+01 1.044082086775010687e+01 1.016754439644881280e+01
1.241815241084614030e+01 1.163935523650831172e+01 1.123634740602416038e+01 1.101199153058224667e+01 1.101774703652450427e+01 1.085486776403486608e+01 1.053887857730646260e+01 9.408600397112143909e+00
1.295438834031748954e+01 1.223461801312016028e+01 1.179085123868485674e+01 1.117958758709549016e+01 1.105989852105957461e+01 1.087772179820240659e+01 1.072697589296974741e+01 1.028848354675517385e+01
1.209607925315769705e+01 1.132004070637304238e+01 1.092787251403974302e+01 1.072471939596897172e+01 1.064509101238698641e+01 1.041540063839466335e+01 1.021374480389939521e+01 9.995902018266583866e+00
1.243858080066071992e+01 1.149117903633634441e+01 1.087053653930791164e+01 1.047778293085441170e+01 1.050463533796001592e+01 1.039510591283921492e+01 1.008172570016830605e+01 9.842715916667071241e+00
1.239788461739778569e+01 1.159516075267858426e+01 1.121238500659064563e+01 1.112856895885593289e+01 1.099636155777938207e+01 1.083962188181056518e+01 1.045797992891734296e+01 9.138290204419700302e+00
1.357085457747928103e+01 1.316431565668751702e+01 1.275354003252001078e+01 1.120708192239339418e+01 1.032592505408574723e+01 9.540433321958820656e+00 8.491131743372177354e+00 6.502112951990702605e+00
1.296521909046053800e+01 1.212272160017901257e+01 1.173991258080770983e+01 1.138282298290542549e+01 1.122480919814498002e+01 1.103892610273805097e+01 1.081404652853733594e+01 1.044801123619956229e+01
1.248050800181239950e+01 1.162732870639487004e+01 1.128943070015017014e+01 1.116592748401293811e+01 1.111011682335611184e+01 1.092006785299310678e+01 1.048967294762201341e+01 9.322984967354731367e+00
1.235797533691446404e+01 1.150353389667975001e+01 1.104530280814476839e+01 1.086615303422435375e+01 1.090920034574383202e+01 1.072002371417867472e+01 1.056648113991559335e+01 1.034402839500335602e+01
1.302095176120362652e+01 1.187029750127272187e+01 1.094045655333773404e+01 1.032988109276929301e+01 1.015495155943107086e+01 1.006017236247862456e+01 9.850016098601344083e+00 9.634245529440436329e+00
1.241469906650879551e+01 1.174843347035846541e+01 1.147520663295335908e+01 1.124998019273154171e+01 1.107784765554107409e+01 1.088836844366974965e+01 1.074767628774386985e+01 1.024665569502100837e+01
1.242686190718014672e+01 1.162161571282283745e+01 1.124144744285148256e+01 1.151454430063327194e+01 1.127329273145208255e+01 1.106454424896771371e+01 1.082883831219489679e+01 1.011828677488001560e+01
1.251346059155356016e+01 1.180363221380358496e+01 1.153458885075480822e+01 1.147699304285533906e+01 1.124477992215781441e+01 1.104360653832209849e+01 1.090208709534769049e+01 1.034507267343796144e+01
1.265625605183242897e+01 1.160339595590299666e+01 1.110361953161659443e+01 1.091621201229116167e+01 1.076558234104906475e+01 1.068735260097742312e+01 1.064913945062437506e+01 9.908053257040009498e+00
1.246775202133999372e+01 1.133127414759002427e+01 1.077121796295591061e+01 1.046110645723942412e+01 1.044476908359657941e+01 1.030282167924427661e+01 1.032158479370842841e+01 1.005665181534037167e+01
1.360719934965047351e+01 1.281820103163725477e+01 1.236894510432039418e+01 1.197826152329465366e+01 1.186673051353285757e+01 1.168951760955764385e+01 1.147922021783454305e+01 1.033302035831530752e+01
1.255504466922235807e+01 1.185959623506547977e+01 1.146670019617366165e+01 1.073531941521732769e+01 1.062556675831582709e+01 1.043199838064184881e+01 1.022181415252183001e+01 1.020840442670256465e+01
1.251899409344838787e+01 1.175720469467121987e+01 1.135487925845076340e+01 1.116299031217447535e+01 1.108324161390758178e+01 1.088943887282552581e+01 1.071873934759182490e+01 1.019031601771191120e+01
1.403193220894044124e+01 1.327837545657275520e+01 1.269196011373900035e+01 1.200684155226234040e+01 1.158681144162923893e+01 1.123212097445126290e+01 1.060332863021528027e+01 7.872154013911927706e+00
1.565033140172595694e+01 1.504986939255610778e+01 1.470196283376743196e+01 1.476743123813749392e+01 1.479122550422304450e+01 1.486688622011693717e+01 1.445643893054518081e+01 1.059884875566749862e+01
1.338898926248264942e+01 1.250374614781596883e+01 1.183504772325933985e+01 1.113999555342360459e+01 1.082051407620829586e+01 1.053312144463609812e+01 9.740158809016490338e+00 6.226626543137702363e+00
1.451281970087780593e+01 1.354647119728216609e+01 1.277599228920558438e+01 1.134175485675539541e+01 1.053981978789817653e+01 9.838041436632543935e+00 8.964117505187251922e+00 5.864268717391207808e+00
1.519955000258299371e+01 1.456467530727362636e+01 1.452482728308946491e+01 1.429664583809585210e+01 1.435332619260258724e+01 1.426407408501190233e+01 1.421293313703389316e+01 1.133180383608337571e+01
1.115103907419309337e+01 1.058608885818211931e+01 1.046874918028958312e+01 1.039073916961275401e+01 1.041249048555629741e+01 1.037451687927270783e+01 1.029105557050318076e+01 1.038855908775451553e+01
1.139709255153382372e+01 1.083210228576042589e+01 1.067518145507895078e+01 1.060094803133614150e+01 1.061168110849203572e+01 1.057591461725412429e+01 1.047018079888076336e+01 1.065630565366095794e+01
1.085330290939446485e+01 1.023907254817159540e+01 1.007473890968597985e+01 1.051440482430725254e+01 1.024197297765527637e+01 9.954696643136907497e+00 9.876435067621521569e+00 9.697736049222854149e+00
1.140687388330764485e+01 1.094477610652303134e+01 1.084713594490577471e+01 1.084322306385628210e+01 1.082761252541717312e+01 1.078769154761668148e+01 1.068385844475067969e+01 1.078092158527370259e+01
1.133129545390769444e+01 1.074378226970591399e+01 1.059612165161188457e+01 1.070013563919636468e+01 1.047897560756115887e+01 1.053250454904861577e+01 1.040581828117511698e+01 1.057019282587816633e+01
1.131778420635053628e+01 1.073550453983797581e+01 1.057102446284485531e+01 1.051316398279533004e+01 1.062449230379493237e+01 1.051597949638132690e+01 1.047148686929539707e+01 1.060759512171573604e+01
1.140403028044107714e+01 1.083910676415994878e+01 1.071244791396257057e+01 1.059893305481331183e+01 1.064388773804567023e+01 1.053868933481149561e+01 1.053443793224195346e+01 1.049184507258331323e+01
1.149307579903554632e+01 1.099457692322852331e+01 1.091166768626880490e+01 1.086615303422435375e+01 1.091437752413073170e+01 1.089976904744816188e+01 1.079240558713483367e+01 1.090689251604846888e+01
1.192365542269662448e+01 1.010037728219434072e+01 8.907469408100951114e+00 8.289129923142738221e+00 8.286200158424053441e+00 8.071430744549006775e+00 7.936256813461418425e+00 7.812752420981857071e+00
1.447343922235147318e+01 1.137124534502812878e+01 9.372419194172076473e+00 8.206044422241172143e+00 8.103223529563642558e+00 7.704924158037798954e+00 7.676661844101491994e+00 6.595812647481881008e+00
1.171761847178197691e+01 9.907966369121890438e+00 8.849924590208113173e+00 8.285139708417261772e+00 8.374446128005946122e+00 8.144126574656207040e+00 8.143612500995384806e+00 7.947322244401870073e+00
1.258216925468420655e+01 1.053214515068346557e+01 8.980933431553598467e+00 8.203086011133503774e+00 8.138108761926561741e+00 7.771095759406977166e+00 7.750005748224106483e+00 7.255780292239704110e+00
1.585619778770124810e+01 1.244513701549913698e+01 1.020846489705832916e+01 9.097648405660590853e+00 8.686297374429088336e+00 8.301627790755294001e+00 8.247002336012261736e+00 6.748946715650818717e+00
1.606629603156591912e+01 1.289678166875930465e+01 1.061152069090858063e+01 9.238762943937622651e+00 9.180359447724864452e+00 8.755273143113530665e+00 8.675503547501074664e+00 6.964709251535835755e+00
8.798142136020519644e+00 8.286639190662734578e+00 8.038958054653663865e+00 7.979584983060227010e+00 8.065959144211259257e+00 8.015524038272953788e+00 7.903115304051492984e+00 7.930012049429025822e+00
1.123679449759058357e+01 9.391691663938011914e+00 8.333676480066227299e+00 7.860153028570225686e+00 7.904568581062187071e+00 7.707778505874401276e+00 7.604413275547956985e+00 7.324452471657671992e+00
1.561403702981345276e+01 1.305358223678877216e+01 1.103571724600730342e+01 9.827729781653363972e+00 9.590202640405934176e+00 9.227777374043167669e+00 9.168742434353472248e+00 8.112395731768465623e+00
8.705396822580377503e+00 8.145695420482198301e+00 7.959069098524594210e+00 8.038889072023561511e+00 8.013325136096980827e+00 7.984107599692275237e+00 7.862411986248289075e+00 7.860646594109407914e+00
9.737877737660484811e+00 8.825202008201589621e+00 8.450462469212734362e+00 8.303617352091926307e+00 8.355947952623367314e+00 8.242987437215036906e+00 8.190553653251797073e+00 7.970996780690693839e+00
1.012419072676372167e+01 9.032595897526533690e+00 8.467445246437261375e+00 8.199399297218491256e+00 8.326965290700684363e+00 8.188064092618057899e+00 8.169021870919445760e+00 8.032545146246272694e+00
1.081993197438090704e+01 9.230010186021038621e+00 8.247155209419300803e+00 7.895179814677262264e+00 7.966833914867834210e+00 7.750092082706574459e+00 7.684659937026674825e+00 7.555530931318791943e+00
1.581610770058824222e+01 1.235238009321520103e+01 9.852180448194712170e+00 8.317479737535192541e+00 8.087540981444297117e+00 7.563170255422658528e+00 7.597909059747872007e+00 6.591852511037693318e+00
1.180171548631048495e+01 9.675626461968299452e+00 8.369412198140807391e+00 7.712819515711004215e+00 7.704133448391994321e+00 7.391380724499009069e+00 7.379764156850613155e+00 6.811632879720540323e+00
1.048589739251603703e+01 9.360428196616418006e+00 8.798449529081137754e+00 8.529807109598543491e+00 8.641471083429443922e+00 8.463903339714043739e+00 8.491553634267232198e+00 8.312275050003194110e+00
1.533017128712649324e+01 1.237205069312528671e+01 1.011096476600514649e+01 8.775955982028143865e+00 8.697162070207324902e+00 8.284186657254959840e+00 8.453410066386620514e+00 8.345554425984495595e+00
9.668987322532689888e+00 8.890281958874659551e+00 8.542027715796047360e+00 8.414415922212819865e+00 8.484028641022199224e+00 8.370330781200758352e+00 8.334300689328259182e+00 8.116680833353470348e+00
1.672578118165324312e+01 1.244322725180649059e+01 9.592012626792245200e+00 8.021254917722325573e+00 7.715126483964852788e+00 7.223891723313073499e+00 7.170728542835304253e+00 5.434767601989549668e+00
1.231783106167391395e+01 1.032740632283356064e+01 9.221350538763848803e+00 8.626385256983933658e+00 8.690449334382750024e+00 8.406710841036074910e+00 8.400533824403575878e+00 8.473021660855508230e+00
1.259747025704633039e+01 1.210259262545252668e+01 1.196060497022607372e+01 1.190211114894189848e+01 1.192064829037101958e+01 1.189159593534003179e+01 1.184071194268451244e+01 1.040256878154951181e+01
1.144863358683534926e+01 1.081083808902429944e+01 1.066173173289140230e+01 1.060229342953154230e+01 1.062449230379493237e+01 1.056648796160204462e+01 1.052533606393567034e+01 1.019176656729942287e+01
1.426144779431714227e+01 1.344804978835464304e+01 1.296347872261450718e+01 1.187525800296562295e+01 1.124916212214201572e+01 1.064003331361668003e+01 9.977713097363134054e+00 8.293796699097374159e+00
1.115816594816377716e+01 1.067447459515747532e+01 1.053847514272101193e+01 1.055487958498555301e+01 1.059274336899609281e+01 1.049716210673916628e+01 1.048120093229938377e+01 1.042280531096929863e+01
1.194974129817901343e+01 1.144790977080016425e+01 1.134523682825079582e+01 1.132682814301970353e+01 1.135180413182112424e+01 1.131477620431029862e+01 1.122249476238619437e+01 1.101286618143649143e+01
1.156075919533457608e+01 1.108494303859342267e+01 1.096477902584404518e+01 1.096963474711991537e+01 1.098432778311108926e+01 1.099839625086892880e+01 1.089743393306224561e+01 1.096190101527678351e+01
1.183274745813910833e+01 1.139471007396986124e+01 1.127514686196011517e+01 1.127633160431341963e+01 1.135685212016945655e+01 1.127985002944976856e+01 1.122040881322438111e+01 1.162666331190365909e+01
1.189331097065183407e+01 1.138276883950924656e+01 1.129556014347539161e+01 1.137333330337551196e+01 1.133369943827953641e+01 1.133202568600226812e+01 1.123932821903361479e+01 1.099599110029774351e+01
1.136999668520954287e+01 1.083090815328446510e+01 1.071504398034870675e+01 1.060836843813358499e+01 1.065653381847506509e+01 1.055935275823515163e+01 1.057134158660561418e+01 1.066721485583199680e+01
1.324476673979827446e+01 1.280859222490866145e+01 1.268997793015048892e+01 1.260417767288113389e+01 1.256344593642468155e+01 1.247664993436464087e+01 1.179997508502675885e+01 1.007474514506574081e+01
1.154963537494223580e+01 1.105899111055020079e+01 1.098681985071957179e+01 1.089838343099107121e+01 1.087431094327007308e+01 1.089351615558737407e+01 1.078296282266103923e+01 1.088331124355700119e+01
1.236326190003897807e+01 1.192033100965185888e+01 1.184112277527201584e+01 1.184143971212455426e+01 1.179655333928351091e+01 1.176407408501190233e+01 1.174202080640958989e+01 1.181486423985800371e+01
1.138358946600087584e+01 1.089212919934678503e+01 1.075334481108298235e+01 1.067753809817928889e+01 1.068046593868956684e+01 1.059452723129865248e+01 1.070601381889865422e+01 1.067596514948274233e+01
1.154877133652505172e+01 1.103492466926709703e+01 1.093354261600571320e+01 1.087563550676719970e+01 1.086770742585779281e+01 1.076415476646459979e+01 1.079205438667737837e+01 1.070032609684238878e+01
1.138580015186689209e+01 1.089695883169007473e+01 1.077946719947357757e+01 1.070975380816820355e+01 1.067933578744277767e+01 1.070041128759301863e+01 1.057939476623710107e+01 1.069425647893226738e+01
1.176484972271538432e+01 1.130364286427828269e+01 1.120885573825488279e+01 1.118844421629651364e+01 1.122257133502755266e+01 1.120257136699722622e+01 1.116902449652699580e+01 1.121027830259957447e+01
1.175726832475211481e+01 1.126144885163668263e+01 1.113917194853897108e+01 1.112693077083993565e+01 1.112075062478295706e+01 1.120457377921895770e+01 1.103899207019533968e+01 1.119600118389708854e+01
1.131155433837087010e+01 1.084783533483675733e+01 1.071760551947098605e+01 1.063926406003184155e+01 1.073769343758466732e+01 1.066430524075619957e+01 1.062659529636488465e+01 1.060440646684013011e+01
1.309811694973914342e+01 1.262837654571758250e+01 1.251982079279394533e+01 1.251322187935720720e+01 1.250302517945716829e+01 1.245469664313690572e+01 1.242305094565429080e+01 1.147989916105909103e+01
9.996906430051115677e+00 8.726109469095144178e+00 8.012337292309117842e+00 8.002059765729637064e+00 7.537495890671252141e+00 7.190016023840032133e+00 7.026811804553638297e+00 5.813561086522827104e+00
1.068066300206429986e+01 9.604575154101432588e+00 8.909377788373561202e+00 8.072418032468307914e+00 7.922251972030292855e+00 7.659590179657344677e+00 7.474235559074112523e+00 6.593170952249808536e+00
1.109404855618760344e+01 1.010353224554652130e+01 9.432289395649064545e+00 8.706142399388518527e+00 8.696798156610903163e+00 8.444127005286905074e+00 8.217427279510991056e+00 7.346273766507545488e+00
1.089246267117259492e+01 9.787110773312488021e+00 9.036474500972580870e+00 8.012544093423789704e+00 7.817798248143437156e+00 7.490599627816733275e+00 7.226781469104447631e+00 6.340131671387538859e+00
1.014520739974843089e+01 9.079514131965323642e+00 8.404710787055666543e+00 8.403701333237606264e+00 8.048796987266515046e+00 7.741449243005317449e+00 7.333189447747595402e+00 6.329731819796587722e+00
1.072966786546077067e+01 9.654662510453743351e+00 8.907052225253327293e+00 8.470579276283231707e+00 8.505170208680294053e+00 8.154255264774326051e+00 7.849721418595926536e+00 6.522934250515226573e+00
1.084754371418797980e+01 9.823541028061979929e+00 9.295380447458466477e+00 9.075979632010982456e+00 8.797173378007673961e+00 8.582050364434101297e+00 8.388187010982372627e+00 8.015788104153886096e+00
1.140536008030156623e+01 1.016654412122233708e+01 9.170706147979268863e+00 7.830929100770314122e+00 7.698315691914803693e+00 7.421698424002036276e+00 7.055210283754363765e+00 5.750144688862050657e+00
1.098591711176732844e+01 9.939553168405206307e+00 9.342130777349723303e+00 9.080776098024488263e+00 8.923359856594897721e+00 8.644154460257723827e+00 8.232945135765366018e+00 6.893709066074422687e+00
1.092592607078761091e+01 9.839809848347227828e+00 9.176398235050280405e+00 8.253735170433046164e+00 8.191033074276710124e+00 7.897417871560982405e+00 7.530736104941045284e+00 6.312277528554099071e+00
1.031265804124670638e+01 9.599965134340093798e+00 9.228392880560448930e+00 8.917489773520665963e+00 8.681084824074757123e+00 8.694598445322780478e+00 8.473143793193395723e+00 1.121733866814512481e+00
1.456681029972882335e+01 1.165498424321574511e+01 9.461422883386862992e+00 8.251416046294432149e+00 8.004635337960014141e+00 7.630244171479235504e+00 7.536148646880681312e+00 3.135902696959212754e+00
1.134386293980965910e+01 1.039051805811121376e+01 9.630227421212765648e+00 8.655009814467135243e+00 8.647712956796485884e+00 8.299851292614603082e+00 7.954629286338395389e+00 6.635543242284546395e+00
1.073163406515886997e+01 9.642667106306157976e+00 8.967365651170116081e+00 8.314202040842856078e+00 8.215046081835335912e+00 7.999403049133794852e+00 7.597909059747872007e+00 5.988028619944918418e+00
1.168620979761057654e+01 1.060395912211077096e+01 9.775092238805541456e+00 8.628350390922683744e+00 8.370802035141537090e+00 8.096160900286919926e+00 7.808459852746367780e+00 7.305600852717923921e+00
9.071605168186632540e+00 8.433836971425087370e+00 8.143261071968160181e+00 8.047174742209756815e+00 8.057849032143373336e+00 7.982486767708785180e+00 7.915704406430955409e+00 7.945487067620544686e+00
1.021530615491624872e+01 9.210695710808325387e+00 8.752596872479330159e+00 8.538825736296667301e+00 8.727238766361107736e+00 8.556020762348385489e+00 8.491131743372177354e+00 8.257146516775971890e+00
1.060179067241350737e+01 9.461390310880826604e+00 8.785186492643855871e+00 8.382584242196069013e+00 8.168993223126143732e+00 7.906166139601287668e+00 7.421632403557630653e+00 6.034730000957110541e+00
1.114215814597990217e+01 1.022083086078396441e+01 9.598888564077324048e+00 8.999213819266996595e+00 8.673223609378181820e+00 8.528164042779987852e+00 7.976989586588826953e+00 7.018007618603665065e+00
1.038329796123153770e+01 9.325783619619244291e+00 8.620425381914296636e+00 8.230763872010584237e+00 8.236026005612947287e+00 8.030809891272523870e+00 7.845058597580207405e+00 7.165750281597892624e+00
1.100830985451566058e+01 9.888691706733501618e+00 9.193714313294623963e+00 8.719607968782552732e+00 8.619394513812267178e+00 8.345365445881633093e+00 8.190553653251797073e+00 6.976850944229160412e+00
1.080478165611735974e+01 9.811622405626501120e+00 9.061828599893862801e+00 8.533806142498024272e+00 8.239005361537593330e+00 8.002548159312908638e+00 7.663002114629938966e+00 6.466316208432902002e+00
1.041021829189668502e+01 9.274998217090612229e+00 8.586809085549027998e+00 8.232280263604504711e+00 8.465052975851925510e+00 8.190914730828659174e+00 8.171847266714497238e+00 7.967015001774095495e+00
9.781859435783260892e+00 8.724907702357157291e+00 8.117688091305947040e+00 7.859614602472031919e+00 7.702676084139947754e+00 7.456509224868002050e+00 7.134825036834485879e+00 6.114918709374597583e+00
1.177316813925582650e+01 1.057249480983323764e+01 9.834732817970644803e+00 9.138125963971157617e+00 8.942809098519315825e+00 8.484747891718594559e+00 7.817041007186578128e+00 5.664407157849545627e+00
9.602337672369737120e+00 8.563332901826738563e+00 7.926473402077814256e+00 7.692324530063892496e+00 7.551343148804486205e+00 7.188597687642566569e+00 6.946224968061754268e+00 5.985387383739403155e+00
1.040355536925931190e+01 9.335870241096230870e+00 8.576953241272612161e+00 8.230006469674492564e+00 8.328130591133675154e+00 7.974857238658678682e+00 7.723684857654447455e+00 5.920296836978739208e+00
1.072188565592750820e+01 9.583333101632687701e+00 8.793871166607726053e+00 8.234558829403557212e+00 7.849842732192001904e+00 7.421698424002036276e+00 6.860258514581821565e+00 5.381405364209119746e+00
1.086586967756910482e+01 9.913035526690563870e+00 9.225132627356696702e+00 8.734446873779651455e+00 8.705749342842800331e+00 8.450226028404559386e+00 8.315839652321878717e+00 7.487601819213416832e+00
1.103256316852992036e+01 9.821599169596668233e+00 8.967500432187087256e+00 8.609501459026443371e+00 8.557175569793768588e+00 8.284770020502499221e+00 7.929195089674351493e+00 7.175969314955147560e+00
1.104747934256517894e+01 1.002227950460115835e+01 9.383337655274537781e+00 8.811586290221182338e+00 8.468290906475198554e+00 8.191093144468819531e+00 7.897485276170761459e+00 6.802795910291092873e+00
1.016090316418769390e+01 8.897689416013886188e+00 8.263085823594199297e+00 7.947596987459154327e+00 7.758712059388058968e+00 7.546290614594614254e+00 7.278682410627440369e+00 6.120879629001163558e+00
1.096153487562970419e+01 9.710765503384610753e+00 8.728680156355467901e+00 7.901315509533038295e+00 7.795361572437458975e+00 7.426099468555737992e+00 7.149313909921247934e+00 5.395541338214941973e+00
1.044830640749679240e+01 9.195584040748309818e+00 8.357051187469533460e+00 7.736588770703037632e+00 7.346444329130140005e+00 6.951437360128259968e+00 6.879207271355597619e+00 6.230398101267238253e+00
9.601147927165659013e+00 8.532825891059358625e+00 7.904165547666348601e+00 7.923353066500457231e+00 7.463171718342688443e+00 7.169629312911924401e+00 6.832441377222488121e+00 5.563017767022628846e+00
1.208466516441170135e+01 1.074293138291082350e+01 9.886087341196292400e+00 9.150251330445305697e+00 9.025027548326416849e+00 8.663279648861175630e+00 8.330656052791519883e+00 6.867918394884481970e+00
1.001038242556923308e+01 8.800244510701530132e+00 8.176908635332580388e+00 7.934253547962283548e+00 7.617284274300030411e+00 7.502836056130860243e+00 7.157557399657052066e+00 6.597135909321191427e+00
9.871436016113261047e+00 8.924142658988165167e+00 8.331726435825622445e+00 7.847836283558596193e+00 7.751071378982818061e+00 7.229764550098574993e+00 7.050723764127485360e+00 5.432953505987299536e+00
1.075047110873958189e+01 9.779545078266691505e+00 9.087336368378281293e+00 8.324064965939504290e+00 8.231631508602809788e+00 7.971645430950813349e+00 7.745963617976755700e+00 7.132076225612369313e+00
1.042120876716183631e+01 9.288763317374360895e+00 8.486665036497702985e+00 7.963473185598402893e+00 7.896704059076078863e+00 7.513298772446529661e+00 7.317477889632929333e+00 6.307196863200843495e+00
1.021914482757109432e+01 9.146894144332604171e+00 8.458797724870576573e+00 8.350812707066623375e+00 8.317687640284244566e+00 7.941597983149183193e+00 7.674273860283811644e+00 5.369372542164696505e+00
1.064290550848680184e+01 9.317495065281100608e+00 8.495584562941434825e+00 8.116521689499819558e+00 7.826741090354719432e+00 7.423456701640972710e+00 7.199740664044672833e+00 6.129022153010193819e+00
1.171772901387768684e+01 1.020573825463889861e+01 9.231853859902017234e+00 8.420715279654334751e+00 8.108501790832940870e+00 7.868137213735540314e+00 7.684459264961644109e+00 7.068934237576810276e+00
9.979615719575610555e+00 8.953440867162180794e+00 8.343952013106100907e+00 8.015025777257985595e+00 7.856534501940730664e+00 7.559174901494591481e+00 7.287973523679138310e+00 6.296604230842707040e+00
1.021579289176593264e+01 8.967202418594613533e+00 8.173577378786239578e+00 7.839349782473724382e+00 7.695418462164258955e+00 7.362718321698279667e+00 7.092599935222184016e+00 5.834347577560264675e+00
1.101835157797997056e+01 9.605528411305064296e+00 8.707859195660518026e+00 8.249872710988711333e+00 8.237216767088696656e+00 7.961344388819958873e+00 7.766542847223718127e+00 6.957304372331849507e+00
1.080721434681682069e+01 9.579651575906853012e+00 8.672899459985476511e+00 8.056169058064385879e+00 7.762552658386564275e+00 7.302046884880938116e+00 7.162632967237314574e+00 5.889848733722265806e+00
1.094007231605597141e+01 9.844090904691272570e+00 9.209650730427579646e+00 9.004454464160897231e+00 8.737767199938190288e+00 8.470114793784022211e+00 8.100970255777806273e+00 6.760427995054566708e+00
9.875935850777249669e+00 8.893835814024093622e+00 8.312787925320797910e+00 8.348276926533436892e+00 8.117000747770585889e+00 7.906577949279942175e+00 7.671098029998240975e+00 6.541643550992458422e+00
1.102781111647337653e+01 9.953356455984250672e+00 9.238252013451608846e+00 8.413518990146314991e+00 8.249799249004256652e+00 8.020087240022606423e+00 7.797271210814181508e+00 7.261502716658146284e+00
1.024515220809997729e+01 9.266457724569754362e+00 8.810961613724918706e+00 8.592453239010749755e+00 8.710160669194664251e+00 8.586663981311481564e+00 8.482728170422944913e+00 8.438911959189143275e+00
1.064865209596322693e+01 9.440882274260209428e+00 8.699503172274097196e+00 8.390455098931143496e+00 8.475834366619110938e+00 8.266447365320496843e+00 8.079106121757197556e+00 6.635543242284546395e+00
9.814115768861771727e+00 8.782801756566220419e+00 8.246618709968537075e+00 8.084931964077696875e+00 8.006560402657168396e+00 7.693468386398740755e+00 7.503900954397098033e+00 6.429390695838374192e+00
1.052899299124573140e+01 9.444139536496606979e+00 8.691725156859272161e+00 8.324064965939504290e+00 8.278995017579687143e+00 7.993734953312455538e+00 7.710657107615834782e+00 6.583321448311949098e+00
1.020524360099126326e+01 9.266342512579388568e+00 8.583102130584574496e+00 8.210497208542852476e+00 8.175727188508894017e+00 7.847788499900487658e+00 7.485536757375419015e+00 5.777804338789112037e+00
1.021700111650085674e+01 9.293944916930639621e+00 8.763801208172976587e+00 8.050378451246434253e+00 7.746512647842842547e+00 7.477574358605040494e+00 7.079648194148466800e+00 5.808105920478745077e+00
9.989109228773600080e+00 9.117835124542670755e+00 8.694278747335978608e+00 8.522844050063602239e+00 8.601417503681254573e+00 8.516062533139752588e+00 8.464877775309512131e+00 8.212274998652068447e+00
1.032387507216561850e+01 9.427108563971064115e+00 8.894854066374175972e+00 8.514940566903469232e+00 8.380682891586179295e+00 8.144297462545873501e+00 7.881971032048821435e+00 7.294721894915603855e+00
1.070097241704939961e+01 9.576090742542868739e+00 8.875951096066648560e+00 8.477214088229372280e+00 8.553661857326575912e+00 8.218192792657504242e+00 7.992067661457125993e+00 6.849387148673343972e+00
9.763012368218046078e+00 8.855645185007647413e+00 8.301689375973323237e+00 7.797884649601338758e+00 7.423602618855404955e+00 7.070524935001563094e+00 6.682210330851181546e+00 5.546038934444905699e+00
9.961719369790305478e+00 8.914946825355439586e+00 8.214672715754616661e+00 8.126111850820441518e+00 7.992204932997861277e+00 7.615443253989219841e+00 7.378552397567734289e+00 6.581362224553672924e+00
1.007659968016325003e+01 9.201218222536283520e+00 8.664275019771375597e+00 8.194991701700924835e+00 7.867497368410719005e+00 7.677897592582772823e+00 7.442465183718722344e+00 6.891970496920293954e+00
9.600166048522707385e+00 8.679766808604330919e+00 8.144687374067725472e+00 7.804515899090640474e+00 7.670392153533701851e+00 7.382024537927033059e+00 7.158669517872175980e+00 6.537249122655643951e+00
1.147926721115480930e+01 1.050518177227186811e+01 9.754070818153801170e+00 8.584028473521602365e+00 8.553980816260938980e+00 8.143955713658961315e+00 7.803970550486200253e+00 6.502112951990702605e+00
8.748067329995997454e+00 7.825049536073507284e+00 7.273618796666708519e+00 7.903555296206167924e+00 7.412397811415942783e+00 6.856064400354961563e+00 6.611242083485549870e+00 5.456313422652727674e+00
1.019381048793708011e+01 9.253571220460708346e+00 8.811503927909710043e+00 8.593510946064451872e+00 8.838249196652569140e+00 8.619784959084690001e+00 8.564865398018470799e+00 8.399555252308379849e+00
9.882898408926186207e+00 9.010716373118771827e+00 8.517473206180971701e+00 8.376501670518569753e+00 8.517130140937021920e+00 8.332688155961186283e+00 8.233943208032455274e+00 7.725862757569896822e+00
9.715360999475596060e+00 8.728334707731598030e+00 8.223335480659628161e+00 8.028777369555967880e+00 8.304805332717979383e+00 8.043039743284134957e+00 7.975414533791197691e+00 7.457358167215085487e+00
1.037566964880717890e+01 9.463866237459610531e+00 8.965258033113531866e+00 8.740245856946362579e+00 8.999244966368948440e+00 8.751678978601798775e+00 8.712104862958300444e+00 8.466335614517710439e+00
9.761659703345927142e+00 8.859502349245916619e+00 8.451032111404945368e+00 8.306863202655128120e+00 8.401411274742816460e+00 8.280305558556548817e+00 8.226975892969747406e+00 8.055128872044386767e+00
1.051310987239173755e+01 9.549525058025048807e+00 9.053549094945294584e+00 8.808873078801500611e+00 9.058522067130406086e+00 8.839456732034362219e+00 8.784799391165771354e+00 8.529222631588055492e+00
9.899856714359096088e+00 9.001004122790774886e+00 8.602155077718286691e+00 8.463984762792669869e+00 8.620241884654278763e+00 8.441202613036827174e+00 8.398982772418708720e+00 8.192528516437945996e+00
1.006724449791779108e+01 9.170131764074964664e+00 8.701511666768395159e+00 8.482933519566445923e+00 8.707585217823268664e+00 8.503618428952377073e+00 8.398982772418708720e+00 8.029569165749654402e+00
9.701053916167078128e+00 8.804055058211513796e+00 8.281231087872239272e+00 8.036985940590168909e+00 8.256570008971699792e+00 7.994181360310353313e+00 7.930452747876781672e+00 7.317746394672867360e+00
9.779949655940169961e+00 8.855926041595225229e+00 8.376242626381573686e+00 8.158941371258292108e+00 8.444959657812820097e+00 8.192878895208155043e+00 8.136590985532883735e+00 7.916315267953436319e+00
9.933753676094074336e+00 9.022167981038299089e+00 8.598135930364311008e+00 8.403701333237606264e+00 8.660657282689330216e+00 8.435824342201438952e+00 8.385122121989459387e+00 8.217562685425145119e+00
9.974138055536410974e+00 9.092629559876629131e+00 8.707505564730846359e+00 8.544880043089067456e+00 8.698072388198740512e+00 8.514859767751703501e+00 8.453002737098497477e+00 8.232685843065612019e+00
9.951495180632489834e+00 9.084390692594201511e+00 8.634315557816247377e+00 8.398383430991072984e+00 8.546509942537813487e+00 8.341464715980999145e+00 8.257495893096368889e+00 7.955619143909199664e+00
9.908883165990928887e+00 8.953515833840663518e+00 8.581984363961257856e+00 8.438917486434117876e+00 8.587510353917762629e+00 8.393301179603154694e+00 8.320876211011199786e+00 8.106797079632942271e+00
9.722718354170229560e+00 8.796295377903279089e+00 8.417150410680317663e+00 8.285936579062029850e+00 8.386408786398956039e+00 8.215817201259238090e+00 8.148216336323541142e+00 7.908533773158862523e+00
9.778913172475219184e+00 8.856835619550965433e+00 8.362147774430724212e+00 8.194991701700924835e+00 8.136370192772433896e+00 7.962211128784635328e+00 7.779386793713591430e+00 6.873881653055415875e+00
9.856727194101214451e+00 8.918158705538630215e+00 8.493703323564243846e+00 8.270895151557366987e+00 8.570697144288118352e+00 8.317948972297809718e+00 8.281918678129766676e+00 8.102550733649181325e+00
9.536639170601240778e+00 8.644432782886807942e+00 8.114963682168344405e+00 7.900756284073979785e+00 8.181823674845775329e+00 7.917617558419119739e+00 7.876209871302812360e+00 7.435932277478417340e+00
9.756982337336093991e+00 8.992192523272485971e+00 8.658337132210514042e+00 8.581932457031342665e+00 8.744209632621060990e+00 8.605317030583703897e+00 8.559461473773971818e+00 8.382968253124593261e+00
1.024505369807678079e+01 9.373821509952978914e+00 8.889652720847401213e+00 8.743278472193093620e+00 8.940529575941983609e+00 8.727724682016969382e+00 8.679008348069638501e+00 8.427776105623516756e+00
1.003370923933414538e+01 9.094221328229329160e+00 8.578944427494024083e+00 8.316659385244742353e+00 8.547143764041370773e+00 8.312547786119267812e+00 8.263635793746024305e+00 7.914531717318672221e+00
1.028186334894876452e+01 9.360742232117742034e+00 8.904331191357425013e+00 8.724730780371611871e+00 8.949906187015150394e+00 8.741855938394497372e+00 8.661596397737582720e+00 8.318397335965826755e+00
9.822398970139310848e+00 8.917678383007437759e+00 8.341624531162425527e+00 8.089578961959340120e+00 8.056839514446508588e+00 7.763607893833579965e+00 7.515688623973691307e+00 6.439649696935316747e+00
1.014326603067214272e+01 9.261702480576886387e+00 8.784513253011533962e+00 8.571512643806839193e+00 8.332804340234270413e+00 8.131386036480300561e+00 7.935497999542523218e+00 7.236880698205593987e+00
1.027555299801617927e+01 9.382509478584641016e+00 8.757378364687783190e+00 8.290730124176334925e+00 8.228199563956845708e+00 7.974126447620281333e+00 7.443750459044615297e+00 5.680793807665468265e+00
9.945417381754856123e+00 9.024961389755180363e+00 8.565518589138608974e+00 8.333185369514191976e+00 8.584225219173184485e+00 8.369068786244930891e+00 8.344571243526567983e+00 8.142752790374284899e+00
1.000371465280001004e+01 9.077353471798822682e+00 8.590120653957132646e+00 8.373041153789049673e+00 8.610116823356110061e+00 8.372015726182581830e+00 8.324488111230966325e+00 8.028826443428073389e+00
9.531705886724420651e+00 8.655249897965767047e+00 8.060585047103861811e+00 7.919933422083754948e+00 8.010420802118790817e+00 7.787826967278057566e+00 7.588868124843931362e+00 6.132900555960571154e+00
1.092539212899674972e+01 9.873295572055409863e+00 9.066939386375326038e+00 8.372177745230819923e+00 8.400580036061338518e+00 7.975003455910903760e+00 7.712920559255705300e+00 6.051421735489221909e+00
1.005662424194512461e+01 9.069289919138437739e+00 8.623744855537477605e+00 8.386949894257121230e+00 8.696980098162189421e+00 8.398688390242636359e+00 8.382447422965373818e+00 8.064807091367178771e+00
1.186731753213291540e+01 1.047030631253117505e+01 9.287522710357167810e+00 8.313384160423948899e+00 7.870043058216481313e+00 7.472039582618715592e+00 7.134099600590509738e+00 6.999629462309804317e+00
1.027884106178599311e+01 9.304996041721905087e+00 8.609395010345572530e+00 8.167484913346980235e+00 7.902815979866847584e+00 7.644170924499984920e+00 6.876343789595347644e+00 5.369158877654559348e+00
9.847194651686821842e+00 8.949974987080898003e+00 8.370743899771909469e+00 8.371315022734290068e+00 8.282591611186427727e+00 7.990170289520248659e+00 7.847853886499693843e+00 6.703468108135551162e+00
1.104750871056112160e+01 1.021005111882221428e+01 9.677691424093016082e+00 9.214307965031219183e+00 9.072317489210165675e+00 8.812876402942359633e+00 8.604869520724154341e+00 7.906984144303019768e+00
9.755183802799214376e+00 8.874673353797778219e+00 8.418023751546799716e+00 8.279577930112928641e+00 8.382451967701310735e+00 8.242613174472703363e+00 8.162146143708026713e+00 7.912973510299132762e+00
1.020687987004115449e+01 9.324696069246694918e+00 8.873965174218616525e+00 8.700405493386274003e+00 8.970309261475534868e+00 8.721890513197873673e+00 8.682021493957520875e+00 8.508237814052019843e+00
9.851616193468025529e+00 8.971369027141138375e+00 8.580809874119280423e+00 8.262281259817587653e+00 7.797743444408649971e+00 7.555194196009772156e+00 7.301144314076317698e+00 6.225685697147494757e+00
1.131817242764268094e+01 1.046260724084402582e+01 9.740546551994995639e+00 9.033897838671370195e+00 9.035663618530731966e+00 8.741263449318534384e+00 8.488183088433425283e+00 7.188908410944712557e+00
9.744594669606673421e+00 8.830194771361345119e+00 8.362496728795294487e+00 8.143450708682548722e+00 8.415921457976622833e+00 8.177440365931724742e+00 8.121781827889048344e+00 7.886603393071266233e+00
9.051100613102038395e+00 8.100205948977070136e+00 7.551295759946928143e+00 7.658704907174108456e+00 7.395255707256444211e+00 7.149618355656334856e+00 6.952341807929471429e+00 5.626113874486319055e+00
1.065188411322127493e+01 9.553104709051151389e+00 8.755055499785287410e+00 8.029406599480712003e+00 7.881143878992842744e+00 7.560172362478626340e+00 7.243495636908052759e+00 6.069187990215745288e+00
1.009762635691309463e+01 9.104750992757047356e+00 8.422694102041159425e+00 7.914824065808788944e+00 7.378920350901811531e+00 7.225356954581007685e+00 6.989784697853603568e+00 6.411388439609603473e+00
1.309133662857324865e+01 1.174521366559780589e+01 1.104372351687539222e+01 1.069133232444255555e+01 1.068749925601219530e+01 1.050030072277299098e+01 1.050979216824264206e+01 9.819934212100280391e+00
1.325218031978879907e+01 1.187676086243166651e+01 1.113591529522333978e+01 1.074295472238529392e+01 1.070586309682477300e+01 1.057591461725412429e+01 1.053029125805538868e+01 1.008917592479229519e+01
1.260220066002314177e+01 1.161709816436942866e+01 1.112846671851857749e+01 1.090459018814173930e+01 1.093290855084600288e+01 1.080538774856206530e+01 1.078226661474699100e+01 1.011017792470531163e+01
1.106697807128695032e+01 1.055386640928738728e+01 1.042320251102342610e+01 1.040861177408691596e+01 1.031456448192636799e+01 1.035811212105986989e+01 1.025406298332997324e+01 9.916609584313043513e+00
1.089409796544271991e+01 9.890261584161596176e+00 9.403992423274544876e+00 9.202562099482991087e+00 9.265089551919846400e+00 9.110975633234323467e+00 9.135404108808728552e+00 8.964556981143193326e+00
1.099162791750041279e+01 9.463253677451701762e+00 8.622470759196680490e+00 8.151872751207896783e+00 8.306581900069319957e+00 8.052264139770704432e+00 8.022592918957624164e+00 7.941825993703539588e+00
1.036520972914909322e+01 9.664006946966424039e+00 9.355913969025207777e+00 9.234935207892119635e+00 9.265396647440139688e+00 9.247425010840046866e+00 9.152333010597503815e+00 9.195465996031815692e+00
9.916238514714319052e+00 9.314176983976889090e+00 9.080919097588120437e+00 8.997677254893979182e+00 9.072060418958043826e+00 8.979031353076226907e+00 8.923165616608292439e+00 8.997875336668002433e+00
1.235666650681446299e+01 1.085669379420493996e+01 9.945794535671430125e+00 9.420993993668012934e+00 9.465871227590902492e+00 9.201216496605013617e+00 9.152333010597503815e+00 8.672018538114050656e+00
1.048420452709306439e+01 9.296378428380853265e+00 8.755601760555773438e+00 8.440754603970159309e+00 8.601750807200298610e+00 8.409325499023971418e+00 8.395887300030398848e+00 8.345223156354235172e+00
9.292936994548016472e+00 8.580052777254497443e+00 8.296461368138295711e+00 8.230763872010584237e+00 8.262407314455803231e+00 8.224430564286532075e+00 8.104214343007914323e+00 8.036276629601051269e+00
1.071706484266805148e+01 9.607300425590484139e+00 9.094074094407258002e+00 8.859996190562013041e+00 8.923584020156084762e+00 8.834604633069343294e+00 8.732985048870213873e+00 8.470045000444741845e+00
1.246131954137790210e+01 1.132448318433927170e+01 1.083500247250061399e+01 1.053318965628631432e+01 1.057310552961050831e+01 1.045214196091762204e+01 1.041173914768066489e+01 1.037903122585087345e+01
1.203930041363845227e+01 1.118250902941923464e+01 1.076960725518820894e+01 1.056328866524644994e+01 1.060638740612429132e+01 1.049805792874110644e+01 1.043955114920432514e+01 1.013176587629000736e+01
1.269947791073532173e+01 1.185772144632581870e+01 1.149506670039862755e+01 1.131872462102824883e+01 1.136957573693053725e+01 1.125018491450920521e+01 1.119976681876951830e+01 1.051163894422499467e+01
1.258861319789262367e+01 1.182144623759435831e+01 1.149162523707507866e+01 1.131833404501657014e+01 1.133101987912889541e+01 1.128353883097577004e+01 1.126399291693484805e+01 1.031844649916349788e+01
