0
1
3
4
5
8
10
12
13
14
17
18
19
23
28
29
30
33
34
35
37
39
40
41
42
44
45
49
50
51
53
54
56
57
58
59
60
61
62
63
64
66
67
69
72
76
77
79
83
84
85
90
91
93
95
96
97
98
99
101
102
106
108
109
111
112
113
114
118
119
121
122
123
125
126
127
129
130
132
134
136
137
138
139
140
142
144
145
146
148
149
151
152
153
154
156
159
162
163
168
169
170
173
180
181
183
184
185
186
190
192
193
194
195
197
200
202
203
204
207
208
209
210
213
216
217
221
222
223
225
226
227
230
231
233
234
236
238
240
244
245
248
249
250
252
253
254
255
256
257
259
260
261
262
263
265
269
270
271
274
275
279
280
287
288
289
291
292
293
295
296
297
300
301
303
305
306
307
308
309
312
313
314
315
316
318
319
321
323
324
326
329
330
334
335
339
340
342
344
347
348
351
352
353
355
360
362
365
366
367
368
369
370
371
373
378
379
383
385
387
392
394
396
397
400
402
405
407
411
412
413
418
419
420
421
423
424
426
427
431
432
433
434
436
438
439
440
442
443
444
445
446
447
451
452
460
461
463
464
466
468
469
472
474
475
477
479
480
481
484
486
487
488
489
492
495
498
500
502
511
512
513
516
519
521
523
527
530
531
532
534
539
540
543
545
546
547
549
550
551
553
557
559
562
566
568
569
570
572
576
577
579
581
585
589
590
591
593
594
595
601
602
603
607
608
612
615
617
619
620
621
623
625
626
632
633
635
636
637
640
642
643
644
649
651
652
657
659
661
662
663
665
669
670
674
676
677
687
688
689
690
693
694
696
698
699
701
702
703
704
706
707
710
711
712
717
719
720
721
725
730
738
739
740
741
743
748
750
751
755
758
761
762
764
766
769
772
774
776
777
782
784
787
788
792
793
794
795
797
798
800
802
803
804
805
806
808
809
810
811
813
818
820
821
823
824
826
828
829
831
833
834
839
840
844
845
847
848
850
852
853
854
855
857
859
861
863
864
865
866
867
869
870
873
876
877
879
880
881
882
884
885
886
887
889
891
892
893
894
898
899
900
903
904
906
907
910
911
917
919
920
921
923
924
927
929
931
932
933
935
936
937
938
939
940
941
942
944
945
948
949
950
951
952
953
954
955
956
957
958
961
962
963
964
966
967
968
969
970
971
974
977
980
981
982
983
984
985
986
987
988
989
992
993
994
995
996
997
998
999
1000
1001
1002
1004
1005
1007
1008
1009
1010
1011
1012
1022
1023
1024
1025
1026
1028
1029
1031
1032
1033
1034
1037
1038
1039
1040
1044
1046
1047
1048
1049
1051
1054
1055
1056
1057
1058
1061
1062
1063
1065
1067
1068
1069
1071
1072
1073
1075
1077
1078
1079
1080
1081
1083
1085
1086
1087
1088
1092
1095
1098
1099
1102
1103
1105
1106
1107
1109
1110
1112
1113
1114
1115
1116
1117
1118
1121
1122
1123
1124
1126
1127
1128
1129
1132
1133
1134
1135
1137
1139
1140
1141
1143
1144
1146
1147
1149
1150
1151
1152
1153
1154
1155
1156
1157
1158
1160
1161
1163
1164
1166
1168
1169
1173
1174
1175
1176
1177
1179
1181
1182
1184
1185
1186
1187
1188
1191
1192
1193
1194
1196
1198
1203
1204
1205
1206
1209
1210
1211
1212
1213
1215
1219
1221
1224
1225
1226
1227
1230
1231
1232
1234
1236
1237
1238
1240
1241
1242
1244
1245
1246
1247
1248
1249
1251
1252
1256
1258
1259
1260
1261
1262
1263
1264
1265
1267
1269
1270
1271
1274
1275
1276
1277
1279
1280
1281
1282
1284
1285
1288
1289
1290
1291
1293
1296
1297
1298
1299
1300
1302
1303
1305
1306
1308
1311
1313
1314
1315
1316
1317
1318
1319
1321
1322
1323
1324
1325
1331
1332
1334
1335
1337
1338
1339
1340
1341
1342
1343
1344
1345
1348
1349
1350
1352
1354
1356
1357
1359
1362
1363
1364
1365
1366
1371
1373
1375
1376
1377
1381
1384
1385
1388
1389
1395
1397
1398
1400
1402
1408
1411
1412
1413
1414
1415
1417
1420
1421
1422
1424
1425
1426
1427
1431
1432
1435
1436
1439
1440
1441
1442
1443
1445
1446
1448
1449
1450
1451
1453
1456
1457
1458
1459
1460
1464
1465
1466
1467
1468
1469
1470
1472
1473
1474
1475
1478
1481
1483
1487
1488
1489
1490
1491
1492
1494
1495
1496
1497
1498
1499
1500
1503
1505
1506
1507
1520
1585
1586
1587
1593
1594
1595
1597
1599
1603
1605
1608
1609
1617
1619
1621
1622
1624
1632
1633
1636
1639
1640
1642
1643
1644
1647
1651
1654
1661
1662
1677
1696
1720
1723
1734
1740
1742
1743
1746
1747
1750
1752
1758
1759
1760
1761
1762
1768
1770
1772
1773
1774
1778
1780
1781
1782
1784
1785
1786
1790
1793
1795
1796
1799
1802
1805
1806
1807
1808
1809
1810
1813
1814
1815
1816
1817
1818
1822
1823
1825
1827
1828
1831
1833
1836
1838
1839
1840
1841
1843
1844
1846
1847
1850
1852
1853
1854
1857
1858
1864
1866
1868
1871
1873
1880
1886
1889
1890
1891
1892
1894
1896
1897
1899
1900
1903
1908
1909
1911
1913
1914
1919
1922
1926
1928
1930
1932
1933
1939
1943
1948
1949
1954
1956
1959
1961
1965
1974
1981
1987
1988
1990
1998
1999
2007
2011
2015
2018
2019
2023
2031
2035
2036
2043
2045
2057
2059
2066
2070
2072
2078
2079
2083
2093
2106
2107
2126
2134
2151
2158
2162
2169
2171
2173
2174
2178
2180
2181
2182
2187
2192
2196
2198
2199
2200
2203
2204
2205
2207
2214
2216
2217
2218
2219
2220
2221
2224
2227
2229
2230
2232
2233
2234
2235
2237
2240
2245
2247
2249
2250
2252
2254
2258
2259
2261
2263
2264
2267
2269
2270
2271
2272
2273
2274
2276
2278
2279
2280
2282
2289
2291
2293
2298
2300
2302
2303
2306
2311
2313
2314
2316
2318
2320
2322
2330
2332
2335
2337
2339
2345
2353
2355
2358
2370
2373
2377
2378
2381
2384
2386
2387
2388
2391
2394
2397
2398
2399
2401
2402
2403
2404
2408
2409
2410
2412
2413
2414
2416
2417
2421
2423
2427
2431
2438
2441
2442
2446
2448
2451
2452
2454
2455
2456
2458
2471
2480
2485
2486
2487
2488
2489
2491
2492
2493
2499
2506
2511
2512
2513
2516
2517
2519
2525
2526
2532
2534
2540
2543
2545
2546
2549
2551
2553
2554
2562
2563
2564
2565
2566
2571
2572
2574
2578
2581
2588
2589
2590
2594
2596
2597
2601
2605
2606
2608
2611
2612
2617
2628
2637
2638
2644
2647
2648
2649
2652
2657
2660
2662
2664
2665
2669
2670
2672
2677
2680
2683
2684
2685
2688
2689
2690
2693
2694
2696
2699
2706
2710
2711
2712
2713
2717
2721
2727
2730
2739
2746
2747
2751
2756
2758
2759
2760
2761
2762
2763
2765
2768
2769
2770
2775
2776
2779
2780
2781
2783
2784
2786
2787
2789
2795
2796
2797
2798
2799
2802
2806
2807
2810
2815
2819
2821
2824
2826
2828
2830
2833
2835
2839
2840
2842
2848
2850
2851
2855
2856
2857
2861
2864
2865
2866
2869
2872
2873
2876
2877
2885
2886
2888
2897
2898
2903
2906
2911
2912
2914
2920
2921
2925
2926
2929
2931
2933
2934
2935
2949
2950
2953
2954
2956
2958
2960
2962
2965
2966
2968
2971
2972
2973
2976
2979
2980
2985
2990
2998
3002
3006
3013
3016
3022
3023
3024
3025
3029
3030
3031
3033
3034
3041
3046
3049
3054
3060
3061
3063
3071
3077
3079
3080
3083
3089
3095
3096
3098
3101
3102
3104
3110
3111
3113
3116
3128
3131
3139
3145
3146
3153
3157
3160
3169
3172
3173
3175
3193
3198
3200
3205
3206
3213
3215
3219
3220
3224
3232
3233
3234
3236
3238
3241
3250
3257
3259
3260
3268
3276
3277
3284
3287
3292
3293
3294
3300
3304
3311
3315
3318
3323
3326
3330
3334
3335
3336
3337
3338
3339
3341
3342
3344
3346
3347
3408
3411
3413
3414
3415
3416
3417
3419
3420
3422
3423
3424
3425
3427
3429
3430
3434
3436
3438
3439
3441
3443
3444
3445
3446
3448
3451
3452
3458
3459
3460
3461
3463
3466
3467
3468
3469
3471
3473
3474
3475
3479
3480
3481
3488
3489
3490
3492
3493
3494
3496
3497
3499
3500
3501
3502
3504
3505
3507
3508
3511
3512
3514
3516
3517
3520
3521
3523
3524
3525
3526
3530
3533
3535
3536
3538
3539
3540
3541
3542
3543
3544
3546
3547
3549
3551
3553
3555
3556
3557
3558
3559
3560
3562
3563
3566
3567
3569
3570
3573
3574
3578
3579
3580
3581
3582
3583
3584
3585
3586
3587
3589
3591
3592
3595
3599
3601
3604
3606
3608
3610
3611
3612
3613
3615
3617
3618
3627
3628
3630
3631
3632
3633
3635
3638
3640
3641
3642
3645
3646
3648
3649
3653
3654
3655
3657
3658
3659
3663
3664
3667
3669
3671
3672
3678
3679
3680
3681
3683
3688
3689
3691
3692
3695
3698
3699
3700
3701
3703
3704
3705
3709
3710
3711
3713
3714
3715
3717
3718
3719
3720
3721
3722
3723
3726
3727
3730
3731
3734
3736
3737
3738
3742
3743
3748
3749
3755
3757
3761
3762
3765
3767
3768
3771
3773
3776
3777
3785
3786
3789
3790
3791
3793
3794
3795
3799
3801
3803
3804
3805
3808
3809
3810
3813
3814
3816
3818
3820
3823
3825
3826
3827
3829
3830
3832
3833
3834
3835
3836
3838
3839
3840
3845
3847
3848
3849
3851
3852
3855
3857
3863
3864
3865
3867
3868
3869
3871
3872
3875
3876
3877
3881
3882
3883
3884
3886
3887
3889
3891
3894
3895
3897
3898
3900
3904
3905
3906
3907
3911
3912
3913
3916
3917
3921
3922
3925
3926
3930
3933
3934
3936
3943
3945
3952
3960
3963
3970
3971
3972
3974
3975
3979
3981
3984
3985
3988
3994
3998
4002
4019
4020
4035
4052
4053
4058
4060
4061
4063
4065
4068
4072
4075
4080
4085
4090
4091
4092
4093
4096
4102
4111
4117
4122
4123
4126
4139
4141
4151
4157
4169
4172
4178
4179
4183
4184
4185
4186
4189
4194
4198
4202
4205
4206
4209
4211
4215
4219
4220
4222
4224
4226
4233
4234
4237
4238
4240
4241
4242
4243
4248
4250
4252
4253
4254
4255
4258
4262
4263
4268
4270
4272
4273
4274
4275
4276
4277
4278
4285
4291
4295
4296
4300
4303
4304
4305
4309
4311
4316
4317
4318
4324
4325
4326
4327
4328
4329
4330
4331
4332
4337
4338
4340
4342
4344
4345
4346
4347
4349
4352
4355
4359
4361
4362
4363
4365
4367
4373
4375
4376
4377
4379
4380
4382
4385
4387
4388
4389
4390
4394
4396
4397
4398
4403
4404
4406
4407
4409
4410
4411
4412
4413
4414
4415
4418
4419
4420
4422
4423
4425
4429
4430
4431
4432
4435
4438
4439
4443
4444
4445
4446
4447
4448
4450
4453
4454
4456
4458
4460
4462
4463
4467
4469
4470
4471
4472
4473
4475
4476
4477
4480
4481
4485
4488
4489
4490
4492
4493
4494
4495
4497
4498
4501
4503
4505
4506
4508
4510
4511
4513
4515
4520
4521
4524
4528
4529
4530
4532
4534
4535
4537
4543
4544
4546
4549
4555
4556
4558
4560
4561
4562
4565
4568
4570
4571
4573
4574
4575
4576
4580
4582
4584
4588
4589
4591
4592
4593
4595
4597
4601
4602
4607
4610
4613
4617
4620
4622
4625
4628
4629
4630
4634
4636
4637
4638
4639
4640
4641
4643
4644
4645
4646
4647
4649
4657
4658
4659
4667
4669
4671
4673
4676
4677
4678
4681
4683
4687
4690
4692
4693
4695
4697
4699
4700
4705
4708
4710
4711
4712
4714
4715
4717
4718
4720
4723
4725
4726
4727
4728
4730
4731
4733
4734
4735
4737
4738
4740
4741
4743
4746
4747
4749
4752
4754
4761
4763
4764
4768
4770
4771
4774
4775
4776
4777
4780
4781
4782
4783
4786
4788
4789
4791
4792
4793
4794
4795
4797
4798
4799
4800
4802
4803
4805
4806
4807
4808
4811
4812
4813
4814
4815
4817
4818
4819
4821
4822
4823
4827
4828
4829
4830
4833
4834
4835
4837
4840
4841
4842
4843
4845
4847
4849
4851
4852
4856
4857
4858
4859
4861
4863
4867
4868
4869
4871
4872
4873
4874
4878
4879
4880
4882
4883
4884
4886
4887
4888
4891
4893
4894
4895
4897
4898
4899
4901
4903
4905
4906
4907
4908
4909
4910
4911
4912
4915
4916
4917
4920
4921
4923
4926
4927
4928
4930
4932
4933
4934
4935
4939
4942
4945
4947
4948
4950
4951
4953
4955
4957
4958
4961
4964
4966
4967
4968
4969
4970
4971
4972
4973
4976
4977
4979
4982
4986
4987
4991
4994
5003
5005
5010
5011
5012
5014
5019
5021
5025
5026
5028
5029
5030
5031
5032
5036
5037
5038
5039
5040
5043
5044
5046
5047
5049
5052
5053
5054
5055
