22
81
82
94
115
117
155
165
176
215
235
239
243
283
341
358
410
450
473
505
520
552
556
573
613
616
630
648
653
656
679
684
685
700
724
734
752
763
771
778
817
827
856
860
909
913
1018
1101
1111
1120
1136
1216
1239
1406
1430
1444
1471
1511
1513
1517
1518
1519
1522
1524
1526
1529
1530
1535
1536
1538
1539
1541
1544
1547
1548
1551
1552
1553
1554
1555
1556
1560
1561
1562
1563
1564
1565
1566
1569
1570
1572
1573
1574
1580
1581
1590
1618
1649
1655
1659
1664
1673
1678
1680
1681
1682
1684
1685
1686
1688
1698
1700
1701
1703
1708
1711
1717
1718
1726
1732
1797
1803
1915
1916
1924
1929
1934
1947
1950
1973
1976
1982
1984
2001
2004
2020
2029
2030
2032
2037
2039
2041
2050
2052
2074
2081
2082
2085
2102
2103
2110
2114
2118
2132
2136
2165
2172
2176
2260
2292
2307
2309
2310
2312
2324
2356
2368
2369
2380
2382
2437
2439
2447
2461
2467
2470
2472
2474
2477
2490
2496
2497
2502
2518
2536
2539
2558
2559
2567
2573
2575
2580
2584
2592
2607
2631
2641
2663
2666
2668
2697
2729
2731
2732
2735
2745
2777
2785
2801
2805
2814
2820
2825
2863
2867
2871
2882
2892
2908
2927
2939
2941
2974
2975
2983
2986
2999
3011
3036
3037
3045
3051
3057
3065
3099
3107
3112
3117
3132
3133
3135
3137
3138
3147
3150
3158
3159
3162
3166
3168
3174
3178
3179
3180
3181
3182
3188
3189
3191
3192
3194
3204
3217
3222
3235
3240
3246
3266
3270
3275
3278
3280
3285
3295
3310
3350
3356
3358
3359
3360
3361
3364
3366
3367
3368
3369
3371
3373
3375
3376
3378
3379
3380
3382
3389
3393
3394
3396
3398
3401
3405
3421
3428
3455
3513
3529
3590
3639
3690
3706
3746
3747
3752
3753
3788
3796
3859
3919
3927
3949
3954
3961
3965
3966
3973
3980
3986
3990
3997
3999
4000
4004
4007
4010
4011
4012
4014
4015
4016
4018
4023
4025
4026
4028
4038
4039
4048
4051
4055
4057
4062
4064
4069
4070
4074
4077
4078
4079
4081
4082
4086
4087
4088
4094
4097
4098
4107
4108
4110
4113
4116
4118
4124
4128
4132
4137
4138
4142
4153
4156
4158
4159
4161
4163
4164
4173
4193
4197
4207
4208
4221
4239
4257
4259
4299
4314
4364
4442
4500
4518
4526
4552
4559
4579
4661
4662
4850
4892
4904
4914
5009
5033
5056
5058
5060
