1.654822385772867577e+01 1.571711071151156602e+01 1.493474299358948798e+01 1.448834806356558502e+01 1.416709278022515761e+01 1.392334036629834770e+01 1.135560854226925720e+01 8.909159001034140601e+00
1.619144171191261350e+01 1.526666860138893611e+01 1.508587435740284732e+01 1.446684763416079100e+01 1.437689348512948229e+01 1.405736819383306013e+01 1.372249476238619437e+01 9.987902535516338887e+00
1.606446783267920608e+01 1.520348066598964820e+01 1.465153735934863199e+01 1.426653165368094633e+01 1.357118318602036844e+01 1.356807346193506447e+01 1.104917853394627336e+01 7.627311216210497236e+00
1.615926939643930993e+01 1.558037176564042170e+01 1.528241834032572122e+01 1.496538435325655492e+01 1.487838004922121193e+01 1.501904849217547877e+01 1.485045856394935093e+01 1.057612230344568616e+01
1.647691252263187778e+01 1.543335804895065344e+01 1.506839030478783492e+01 1.417058606765356821e+01 1.358751035391776263e+01 1.321362895153343864e+01 1.177537806727295688e+01 8.416399590747470683e+00
1.509533865318914181e+01 1.406173420760374881e+01 1.352657672761077912e+01 1.305166258646976019e+01 1.283493536475780950e+01 1.190461190985976359e+01 9.144605318154647833e+00 6.088492301141071650e+00
1.645068573523449729e+01 1.557856371159268072e+01 1.525529959978254269e+01 1.498046426518133600e+01 1.488923750174816618e+01 1.466893310499787439e+01 1.401416028899196853e+01 9.809421629228966211e+00
1.399295817729746005e+01 1.324834209411134012e+01 1.302786649601457114e+01 1.283671129708106307e+01 1.280252292184689011e+01 1.268146250021315069e+01 1.271518873940874883e+01 1.023507591771636172e+01
1.663064991001249737e+01 1.599114533690935502e+01 1.478995483378323073e+01 1.465491108632455841e+01 1.437010761176025397e+01 1.417440683312558036e+01 1.162174686955497371e+01 8.508622758642033546e+00
1.657694871312851603e+01 1.556242530407261171e+01 1.541718650567115034e+01 1.514404158024549751e+01 1.484121185536553078e+01 1.428586216475743242e+01 1.348440368958996771e+01 1.030930981519154699e+01
1.657404178714903509e+01 1.609357088609833042e+01 1.507012609445372142e+01 1.443652435141872559e+01 1.386957573693053725e+01 1.310948500244487747e+01 1.111806439394337787e+01 8.364605850200860004e+00
1.612609967310163839e+01 1.523857034774940544e+01 1.447626674909653488e+01 1.448834806356558502e+01 1.423063803163124774e+01 1.398457554999875541e+01 1.279438095198404746e+01 9.949491534779282276e+00
1.726455781699640823e+01 1.603700933703559528e+01 1.534995831093512919e+01 1.507148997677955116e+01 1.493948619039036352e+01 1.431561022300670238e+01 1.365177066366650038e+01 9.501549420731887352e+00
1.363188000372758069e+01 1.257233611890316993e+01 1.225042123574215935e+01 1.195274696577905971e+01 1.186673051353285757e+01 1.178098244326362831e+01 1.172447486065368594e+01 1.002305259007623306e+01
1.684648832018546472e+01 1.617180178173307681e+01 1.541958063278183033e+01 1.475194258453439033e+01 1.438372203722805409e+01 1.377617371824629444e+01 1.318576715231185403e+01 1.055310229897862584e+01
1.577043063593913708e+01 1.481878646580840453e+01 1.436187302269484789e+01 1.409916467960441366e+01 1.388894518193238881e+01 1.367408308331778066e+01 1.313902810486091077e+01 1.014976956771338834e+01
1.247575178164033893e+01 1.141955046893840908e+01 1.104774184626406530e+01 1.085335442388427296e+01 1.078632480525327608e+01 1.070455842087718068e+01 1.064821633632354114e+01 9.341067290301024784e+00
1.400107081433032796e+01 1.336414495270921599e+01 1.309335787613452240e+01 1.306458817013498752e+01 1.288544382997852722e+01 1.294685717253502943e+01 1.258868439758995983e+01 1.024837469016288871e+01
1.627190342034111481e+01 1.554302089115807917e+01 1.546860639693049499e+01 1.491062974963698196e+01 1.420709811325071570e+01 1.354311290966855985e+01 1.260348171289556340e+01 8.701965522015168375e+00
1.671323104777529878e+01 1.582264679816056230e+01 1.532991338089550837e+01 1.476743123813749392e+01 1.448037519802504391e+01 1.413114468760440445e+01 1.229720436499728464e+01 9.813255898798651344e+00
1.632366852482799402e+01 1.527756692330552113e+01 1.479803727461720797e+01 1.442054056446753663e+01 1.433025960900663520e+01 1.392334036629834770e+01 1.185650812672580301e+01 9.324616427022721865e+00
1.695633142142583694e+01 1.585013525891421970e+01 1.532112194658841631e+01 1.480230459582559988e+01 1.465903242501398651e+01 1.445486059850195737e+01 1.222651822841828562e+01 9.830029340731430310e+00
1.618533633759716395e+01 1.519329783679153500e+01 1.440808153692987936e+01 1.427244848687871581e+01 1.411505510882944847e+01 1.390596821641002734e+01 1.251586040408713529e+01 1.016029374902937121e+01
1.627630803573183371e+01 1.564179224436726301e+01 1.515688660492458162e+01 1.479908759730980705e+01 1.472734024304207345e+01 1.441008162523020175e+01 1.299100269206839897e+01 9.727138826437329300e+00
1.586138263085166145e+01 1.501494645714292275e+01 1.468513187772172301e+01 1.425869236904880211e+01 1.423959876643952072e+01 1.421487373585876846e+01 1.239410456530085014e+01 9.400691316534848241e+00
1.547412773088730376e+01 1.446247668728487312e+01 1.409102433572275359e+01 1.363668706065091740e+01 1.356794701013787119e+01 1.342847245307497772e+01 1.345137494638166054e+01 1.058130482500284941e+01
1.564624860496580538e+01 1.466042980240393589e+01 1.425019703539619442e+01 1.352781310315238628e+01 1.301332513609698083e+01 1.212127558987413423e+01 1.031003550419597303e+01 6.472200971916595158e+00
1.584050244493974624e+01 1.470798789568751097e+01 1.415640613222647382e+01 1.357879599975699492e+01 1.333736763331215869e+01 1.182064845109501405e+01 9.623634882142859226e+00 6.059864829434415512e+00
1.662759579771804752e+01 1.570893186903309768e+01 1.522482792146794317e+01 1.511787799605008331e+01 1.519614204513323230e+01 1.467591535545830084e+01 1.280106242663736360e+01 1.046795057805323381e+01
1.628963011949450035e+01 1.578049852754105586e+01 1.485922169807520987e+01 1.408576035867414333e+01 1.379140187693885800e+01 1.341742722857491188e+01 1.125427467617653932e+01 9.083975309340297954e+00
1.619348448994656309e+01 1.522805466065934432e+01 1.477132654978323423e+01 1.460542593522743182e+01 1.452235968458843907e+01 1.407736390087800871e+01 1.159935976292265813e+01 8.626444226500890267e+00
1.439221028446624118e+01 1.366868632420158036e+01 1.356064183411131552e+01 1.331175024558623221e+01 1.330518578107955108e+01 1.315684549154103777e+01 1.147394323925833248e+01 9.316483533528415961e+00
1.675357263710585443e+01 1.601788896004907414e+01 1.503424484282619922e+01 1.489297511341826308e+01 1.479022895876092214e+01 1.466199546986094404e+01 1.268265488344713177e+01 1.002616358419541243e+01
1.626096942859175698e+01 1.536893107080459231e+01 1.492558060837347433e+01 1.449318431300858379e+01 1.432700402574352339e+01 1.396620394069339177e+01 1.223709795846206028e+01 8.539869122389466938e+00
1.686151605081525418e+01 1.609357088609833042e+01 1.548121671528097920e+01 1.498808349788635041e+01 1.473205060272845301e+01 1.420121649660501362e+01 1.251930172615914394e+01 9.540679284588875930e+00
1.645588065521583943e+01 1.549346649999239034e+01 1.482958963108771044e+01 1.451028287433434727e+01 1.433680020833313762e+01 1.423802463865678192e+01 1.309421832575548272e+01 9.836550298500251088e+00
1.537352468394168348e+01 1.457114092173759801e+01 1.437095873433258397e+01 1.424897219486354061e+01 1.412310757741965972e+01 1.407333519048656001e+01 1.407742495215389411e+01 9.663963428769555719e+00
1.592974912093737316e+01 1.489305378289098059e+01 1.429180121369423873e+01 1.384215395111929148e+01 1.344871703429318543e+01 1.346459174903950107e+01 1.147394323925833248e+01 9.110457993083858952e+00
1.494294758833557779e+01 1.407975513922918687e+01 1.367455503994540855e+01 1.350807190103730093e+01 1.345743785390773617e+01 1.338708532017422925e+01 1.324801342055352116e+01 9.391970496920293954e+00
1.598738322247809940e+01 1.511510081610740741e+01 1.497536520117271230e+01 1.460274178996727201e+01 1.455796078237496616e+01 1.435658626347712463e+01 1.252621726676702352e+01 9.655073010990564697e+00
1.644293966524605111e+01 1.508258436053129969e+01 1.446625989296235026e+01 1.381197444593219359e+01 1.369825454342184301e+01 1.329101214307733869e+01 1.072136825009837935e+01 7.783338805704826946e+00
1.676044440817623027e+01 1.566697547977845595e+01 1.488235410341247089e+01 1.420348968279849444e+01 1.414213222795865477e+01 1.292150809415782753e+01 1.066682941281591290e+01 7.317103757066205638e+00
1.719038114032835551e+01 1.618120215391634531e+01 1.532331314047998916e+01 1.519833970447858817e+01 1.490573001438124479e+01 1.441008162523020175e+01 1.220954305321740563e+01 9.123945572800623793e+00
1.701572242491089426e+01 1.608778027928037702e+01 1.499463913106184521e+01 1.455296470652211305e+01 1.445447906947940453e+01 1.400326338148595262e+01 1.164460531815464783e+01 8.966316208432902002e+00
1.593618313209029225e+01 1.507347004715741967e+01 1.438012111954859762e+01 1.390515253507274096e+01 1.389111882871396020e+01 1.318132367303110897e+01 1.141627997908659964e+01 9.261197747801986679e+00
1.678132459408814725e+01 1.615017900896179626e+01 1.538653393639862976e+01 1.510502889691905715e+01 1.490020462736845275e+01 1.474832459529659090e+01 1.206423932709673785e+01 9.144496398417352623e+00
1.546363744440328247e+01 1.463740979793687558e+01 1.410521716795197733e+01 1.373456737055628807e+01 1.377759578095135851e+01 1.361450156080119278e+01 1.354917853394627336e+01 9.659509120143503935e+00
1.606810514329964334e+01 1.533088251252656065e+01 1.493935334533541237e+01 1.476431578060599747e+01 1.451460439300973526e+01 1.474086246142293710e+01 1.299366707673004839e+01 9.955313190575740379e+00
1.672317679248038402e+01 1.538846733582989224e+01 1.473245355989510230e+01 1.432305113054462886e+01 1.418121178549316141e+01 1.356052486000061563e+01 1.081046914077121279e+01 7.639346420097446355e+00
1.625879578181018559e+01 1.519837731368072298e+01 1.433506335921541464e+01 1.382761557412257858e+01 1.353767507433693851e+01 1.330083787714841925e+01 1.114203305395769128e+01 8.478250534693046347e+00
1.641249646886895874e+01 1.570893186903309768e+01 1.506147476417995534e+01 1.450782367463121503e+01 1.456198949276641486e+01 1.391984362831693467e+01 1.115667241558032252e+01 8.734656823590716712e+00
1.643015110508767407e+01 1.612001773045834341e+01 1.505975273970357264e+01 1.363889160192559125e+01 1.272548805331134147e+01 1.171946459345876335e+01 1.050708796708192239e+01 7.736965798445502251e+00
1.613575072513473074e+01 1.523593186235673969e+01 1.466940506162550228e+01 1.430660026726632594e+01 1.427310240160787380e+01 1.406932137369801339e+01 1.196467985211825180e+01 9.002112951990703493e+00
1.628294864484118420e+01 1.552395719589356737e+01 1.459177806304389868e+01 1.392220633392381224e+01 1.375432911480175591e+01 1.347381249409631998e+01 1.062388509502895317e+01 8.328134945674637635e+00
1.471629492900794034e+01 1.430066336319323561e+01 1.420228913717867236e+01 1.410592941304422610e+01 1.407308906536824900e+01 1.405341286630837239e+01 1.392253784197110988e+01 9.763213114993934738e+00
1.694810610780821492e+01 1.582038720066495152e+01 1.516065652608983250e+01 1.488947837543685182e+01 1.453409748760939024e+01 1.474832459529659090e+01 1.251071878656315661e+01 9.445378125959109639e+00
1.656536741713575367e+01 1.595989897316192341e+01 1.534100373477732404e+01 1.483169473872474775e+01 1.473205060272845301e+01 1.409362991604201021e+01 1.136152537546702312e+01 9.058123225994750172e+00
1.708783099008518747e+01 1.586414495270921599e+01 1.579018645857433256e+01 1.510502889691905715e+01 1.533493536475780950e+01 1.504826288798846612e+01 1.271725484127820494e+01 9.819676592878579413e+00
1.682799151500288559e+01 1.599644162158117489e+01 1.511625908184063150e+01 1.496913474111257614e+01 1.487838004922121193e+01 1.467591535545830084e+01 1.348021972986605199e+01 1.004660527514014490e+01
1.698138798432199792e+01 1.589755485660417023e+01 1.522082888856846061e+01 1.490707578179999437e+01 1.462001974168754614e+01 1.452569459511179417e+01 1.412931300613044350e+01 9.144496398417352623e+00
1.639266511927750258e+01 1.571301358889585664e+01 1.511625908184063150e+01 1.454530966044138651e+01 1.437349524697267000e+01 1.367966528689851025e+01 1.091145367713197700e+01 7.742655258825815956e+00
1.636119230100745270e+01 1.563036333668105371e+01 1.496427808304484586e+01 1.385959048480724221e+01 1.310427713100950342e+01 1.224832459529659090e+01 1.107165834742275301e+01 7.587031992955410864e+00
1.746911117253099022e+01 1.599114533690935502e+01 1.549141149633207881e+01 1.511787799605008331e+01 1.464152017109234194e+01 1.445486059850195737e+01 1.174962817567342732e+01 9.020463859905060389e+00
1.564009013011755300e+01 1.468394847370851153e+01 1.384593286529447553e+01 1.311788653720281594e+01 1.280252292184689011e+01 1.222609031239663580e+01 9.063044129931165926e+00 6.293096194819112199e+00
1.649565565993906091e+01 1.558581406377610712e+01 1.492710231318424619e+01 1.468920034250274398e+01 1.500423761532270106e+01 1.490081823809012107e+01 1.174117882404497593e+01 9.550686140723062323e+00
1.544295612948830865e+01 1.453600076057644586e+01 1.388604377726911920e+01 1.339661656940545065e+01 1.329886231413829734e+01 1.161014333253832831e+01 9.454388436631171899e+00 5.752574989159953134e+00
1.464033835652363713e+01 1.381856593257764487e+01 1.347740291062789630e+01 1.333652096723685432e+01 1.330138728319432850e+01 1.322830128569368213e+01 1.316996285281115675e+01 8.142752790374284899e+00
1.681704282183915922e+01 1.611704717811350207e+01 1.572159083770698373e+01 1.488599286295783841e+01 1.465462780962327116e+01 1.411014333253832831e+01 1.111806439394337787e+01 7.697953115119061884e+00
1.683535246661984175e+01 1.620667513942118276e+01 1.582443965276780418e+01 1.503895612081793054e+01 1.477048775664583857e+01 1.432064845109501405e+01 1.320180490631848791e+01 9.427282103649311296e+00
1.594753521972448063e+01 1.512934018354460974e+01 1.457513385046088139e+01 1.434820444556436669e+01 1.407308906536824900e+01 1.358332995940219767e+01 1.174117882404497593e+01 8.943091019007326281e+00
1.707855113697089422e+01 1.602877362469174116e+01 1.514938580683808311e+01 1.420907188637922403e+01 1.405269905382346707e+01 1.377311960595184281e+01 1.111806439394337787e+01 7.777432701178690344e+00
1.654539273173140757e+01 1.564179224436726301e+01 1.520105172599283527e+01 1.467478132308376537e+01 1.424561394085421639e+01 1.400703985904904769e+01 1.223179520699449618e+01 9.201279858409751711e+00
1.698562087937061094e+01 1.628688904773340695e+01 1.547615499886494383e+01 1.514404158024549751e+01 1.467683177782135573e+01 1.391288375701790869e+01 1.279883069675651086e+01 8.630744177486576518e+00
1.681341765585107595e+01 1.608202039200646638e+01 1.546610181403263340e+01 1.507148997677955116e+01 1.477538950855965716e+01 1.453181143497951311e+01 1.221343691108409146e+01 9.077454351571477176e+00
1.361083423773175838e+01 1.258487494409134655e+01 1.211209388621809424e+01 1.201028287433434727e+01 1.208236037559785636e+01 1.196634997772482834e+01 1.122249476238619437e+01 8.670229845444655581e+00
1.679547119428326951e+01 1.578485891976620081e+01 1.511083490966934839e+01 1.518450848297868561e+01 1.514662106174935019e+01 1.469001602384003036e+01 1.238037054402345838e+01 9.708378338865202295e+00
1.721106245524332934e+01 1.634752061395218448e+01 1.531023182314579500e+01 1.477055566102676032e+01 1.416149618945816435e+01 1.360662435910379742e+01 1.261659689123506745e+01 9.090535668905669553e+00
1.655390835346118550e+01 1.561157850470199548e+01 1.485779215711193046e+01 1.466338241308238821e+01 1.454199378572146628e+01 1.418772891688824878e+01 1.259976343458764703e+01 8.996064266682171962e+00
1.666482468622140800e+01 1.577182992895971125e+01 1.506492702847092069e+01 1.473364322655814718e+01 1.411238416970938481e+01 1.484211549846631506e+01 1.190434565282645352e+01 9.008195523668200977e+00
1.730933679026816208e+01 1.635858084071425722e+01 1.543405732998406776e+01 1.510502889691905715e+01 1.463286884081857409e+01 1.448970004336018746e+01 1.181969998467403471e+01 8.231492070317795395e+00
1.318012180573348502e+01 1.257007180900060916e+01 1.240898112138642695e+01 1.234837304217618836e+01 1.237838004922121193e+01 1.230204688488093723e+01 1.216511749052917324e+01 9.581272281765590648e+00
1.708318114912487573e+01 1.607915186667935004e+01 1.575698092855381915e+01 1.515736366400816593e+01 1.502258852323705973e+01 1.500000000000000000e+01 1.264912358007704007e+01 9.949491534779282276e+00
1.298472036324544021e+01 1.241244244463288560e+01 1.212700650381466261e+01 1.177442795179302237e+01 1.161505510882944847e+01 1.135875485600909407e+01 1.058838102027137751e+01 8.292849423011611876e+00
1.448138798432199792e+01 1.408430749895824974e+01 1.381269344678964295e+01 1.376388036458884301e+01 1.372033807499143521e+01 1.358589368244642337e+01 1.339203032899469470e+01 1.063181329022356536e+01
1.574308067077910600e+01 1.522936356522384571e+01 1.491198039457758284e+01 1.476431578060599747e+01 1.467683177782135573e+01 1.464825179008290057e+01 1.392883198252422616e+01 1.015677434171839622e+01
1.274671149026034023e+01 1.198864027148028377e+01 1.170228913717867236e+01 1.179039494844652225e+01 1.189750934890631129e+01 1.162691179255579144e+01 1.159935976292265813e+01 8.692803136799156505e+00
1.496911117253098844e+01 1.432886588921745741e+01 1.406318342042785474e+01 1.390656349850036833e+01 1.386531794243565230e+01 1.384889939162393802e+01 1.250050802599605326e+01 9.284547813437345809e+00
1.261031456241211046e+01 1.165986745547293424e+01 1.129108604303087837e+01 1.117023461731369416e+01 1.108258637176050065e+01 1.091962730269095516e+01 1.088818701098237263e+01 9.090535668905669553e+00
1.640253551638998530e+01 1.506443160824004757e+01 1.425019703539619442e+01 1.354791990379092148e+01 1.307310552961050831e+01 1.265391824766560092e+01 1.171621827177847308e+01 8.270977738275874458e+00
1.625014445153642129e+01 1.542235121546239363e+01 1.463279711063261601e+01 1.412302797436998958e+01 1.408083513535669695e+01 1.329493177262228265e+01 1.111806439394337787e+01 8.137269262532647929e+00
1.298472036324544021e+01 1.239305378289098059e+01 1.201724278956696068e+01 1.141934536730196825e+01 1.091171588962696326e+01 1.073385493567857729e+01 9.909571154548075356e+00 7.513772736961938925e+00
1.300622079265023423e+01 1.239305378289098059e+01 1.198636669360088547e+01 1.144244700913924895e+01 1.110408680116529645e+01 1.074130426990820197e+01 9.811341754905896551e+00 6.963780875075031851e+00
1.265652307664714193e+01 1.209278422056884494e+01 1.175839130979928626e+01 1.150399103545438706e+01 1.113801881913848035e+01 1.097845239946874685e+01 1.027676212795976873e+01 8.126384597889980910e+00
1.591541050338335417e+01 1.528857574973639899e+01 1.456964200160072309e+01 1.416162039982210885e+01 1.395843808598472613e+01 1.317955681144548663e+01 1.069536134909896141e+01 7.696129880089844555e+00
1.530826767753117146e+01 1.411671994186916912e+01 1.369394370168731179e+01 1.334490507225582157e+01 1.333998386639675182e+01 1.328127453336852781e+01 1.315129644109777018e+01 8.744180886457629143e+00
1.410346733352759330e+01 1.364407935131904637e+01 1.344971414801871923e+01 1.331175024558623221e+01 1.341171588962696326e+01 1.329689690656103096e+01 1.322796849051389856e+01 8.467076478555162211e+00
1.614353381369508966e+01 1.529551338487332934e+01 1.509828290623172187e+01 1.457625910622371457e+01 1.449166545093745384e+01 1.402997880112133089e+01 1.304837568724581942e+01 9.936505830690254726e+00
1.525529442985632755e+01 1.431185661908009621e+01 1.373887712921706594e+01 1.358928628624101620e+01 1.360575845077151236e+01 1.340867124398473464e+01 1.208598911912782015e+01 9.826135482864744475e+00
1.632597614781094109e+01 1.515839171485496628e+01 1.444651869084726492e+01 1.404972960666564674e+01 1.387385029443909445e+01 1.345090581734762125e+01 1.147394323925833248e+01 9.201279858409751711e+00
1.462576449737182749e+01 1.385119485165412279e+01 1.358691092690257740e+01 1.345091469363854131e+01 1.349605908216668482e+01 1.339566825977021480e+01 1.327187671531909530e+01 8.665770963593612208e+00
1.688445499288753382e+01 1.599114533690935502e+01 1.513085743561077123e+01 1.491419538898206198e+01 1.487299176915587395e+01 1.484211549846631506e+01 1.248037014660541288e+01 9.864374225409754615e+00
1.652855927508398537e+01 1.538846733582989224e+01 1.462931904186624976e+01 1.408077609802448826e+01 1.396540540104743400e+01 1.367687059756975998e+01 1.289431595301274314e+01 1.000304554534829471e+01
1.702888302489178685e+01 1.629734565701384952e+01 1.569965602693821971e+01 1.515290478215712255e+01 1.488923750174816618e+01 1.481789732995848397e+01 1.292142995740650591e+01 9.179636559578504773e+00
1.626532982081690193e+01 1.583630403741431714e+01 1.530806684495136238e+01 1.499575657720554389e+01 1.452625820297724424e+01 1.471151645324482615e+01 1.224778179576241754e+01 9.473100556373140080e+00
1.694401670107256663e+01 1.598324903879728254e+01 1.491047972232104257e+01 1.392651196893097421e+01 1.391977951961670179e+01 1.329886560375456561e+01 1.032820724560788506e+01 7.612030861040905982e+00
1.597728327797375059e+01 1.509640091438008369e+01 1.421012842181081837e+01 1.390515253507274096e+01 1.361415552437290444e+01 1.308817930646447181e+01 1.120181344747121877e+01 7.863193279103653843e+00
1.470067255581543542e+01 1.381144632539557904e+01 1.355632478586004908e+01 1.333652096723685432e+01 1.324474874475942698e+01 1.314995190517806556e+01 1.281229040885851767e+01 9.791705260778400088e+00
1.686530570982762711e+01 1.577615557693141568e+01 1.547111677077662861e+01 1.371190977964005597e+01 1.281053577153491929e+01 1.189375445733280756e+01 1.087673801697049036e+01 7.775471117619360939e+00
1.639266511927750258e+01 1.541766794635450744e+01 1.430031683542401844e+01 1.383552145520534360e+01 1.360241772135195326e+01 1.277705034079184188e+01 1.057105507487291618e+01 8.199167360121139225e+00
1.424674408500728084e+01 1.352604221141531049e+01 1.325045997078499838e+01 1.298319808524567875e+01 1.292047061608556469e+01 1.284882947428968336e+01 1.245246609304103202e+01 8.788104295428922796e+00
1.650924452574244583e+01 1.570486543654645750e+01 1.498015170211265712e+01 1.439367561769652326e+01 1.418121178549316141e+01 1.380405435390208879e+01 1.151416028899196853e+01 9.501549420731887352e+00
1.488017078687800065e+01 1.411202992937228018e+01 1.377515808689102528e+01 1.358928628624101620e+01 1.357118318602036844e+01 1.357822060312723167e+01 1.345953841495107817e+01 9.491983401099254536e+00
1.342335301286827054e+01 1.275856605479435402e+01 1.253761146941437943e+01 1.228314404789701797e+01 1.231033575939945734e+01 1.222609031239663580e+01 1.212963675593824497e+01 9.926512133001210714e+00
1.467512464286122054e+01 1.436962216727345698e+01 1.402271651769466487e+01 1.374790433139166268e+01 1.371848052756698344e+01 1.366852943333288550e+01 1.365667241558032252e+01 9.751054687772175100e+00
1.630992484504994877e+01 1.511156996354926285e+01 1.439868116474661441e+01 1.391791770607751388e+01 1.353140818129714873e+01 1.314481028765408865e+01 1.199615267038830524e+01 9.722418226806361474e+00
1.425357263710585620e+01 1.345477756647374967e+01 1.325045997078499838e+01 1.293598472484474371e+01 1.293841707765337290e+01 1.286324501285335487e+01 1.254546531035455459e+01 8.793096194819112199e+00
1.251647166162714875e+01 1.207830752336660751e+01 1.185286271202278385e+01 1.170534723022294621e+01 1.166149618945816435e+01 1.162691179255579144e+01 1.138552052234336465e+01 9.949491534779282276e+00
1.619348448994656309e+01 1.538241865052135893e+01 1.489263160197016234e+01 1.483500996635322977e+01 1.425166262616274793e+01 1.449561687655795517e+01 1.350556880824325390e+01 9.602152467677505854e+00
1.618533633759716395e+01 1.575895543575763291e+01 1.479533643689423705e+01 1.356840610032909922e+01 1.407051927433482952e+01 1.301143349027827867e+01 1.048041005971026074e+01 7.623896948602060242e+00
1.662455025236975104e+01 1.583401586753736368e+01 1.524300811524747878e+01 1.523610825013544279e+01 1.520340452174174928e+01 1.487527032513590797e+01 1.367151186578158573e+01 9.454540511175121509e+00
1.374370089431689479e+01 1.291922679257312367e+01 1.271287474160298636e+01 1.255917525642627908e+01 1.259926057265318988e+01 1.250948247254284773e+01 1.243319216315190090e+01 1.000152170481077185e+01
1.475364580349028110e+01 1.421504375335529957e+01 1.401611627727914566e+01 1.377508003506271450e+01 1.379937061880031735e+01 1.370801510129096634e+01 1.328575212722600440e+01 9.956773495038998334e+00
1.540273907975467083e+01 1.384752061395218448e+01 1.323753438711977282e+01 1.271705975795996224e+01 1.265355869688628054e+01 1.253843715391738556e+01 1.231848008571296305e+01 1.023507591771636172e+01
1.652300562509908843e+01 1.554127392987248335e+01 1.516823586719928940e+01 1.444576471531863504e+01 1.441147399421034869e+01 1.427128830560562278e+01 1.265692064198640665e+01 9.840481755559070010e+00
1.570070509905269240e+01 1.482779677648046857e+01 1.459513774454292445e+01 1.422978907738932541e+01 1.405017701737060598e+01 1.394456064186214483e+01 1.338435724967550478e+01 9.987902535516338887e+00
1.306879080690506179e+01 1.213740979793687558e+01 1.179180121369423873e+01 1.162130594989361043e+01 1.163939392586464727e+01 1.157333519048656001e+01 1.143516282381271232e+01 1.007719141618267322e+01
1.503039154722450377e+01 1.439361731414979673e+01 1.404276144773428392e+01 1.364775480383721629e+01 1.359245676887298160e+01 1.356807346193506447e+01 1.337673801697049036e+01 1.032971899140907013e+01
1.634226831510535050e+01 1.560046165463177559e+01 1.513638282262356327e+01 1.382368411706376143e+01 1.424260218800828781e+01 1.333492657831759942e+01 1.048041005971026074e+01 6.730825523852999481e+00
1.696046756435087133e+01 1.559678118939639191e+01 1.482265199595077831e+01 1.437830599110465180e+01 1.402527371910283804e+01 1.385545975118930961e+01 1.113238200192459715e+01 8.249537962830750359e+00
1.680261422139447092e+01 1.588550438656745101e+01 1.520301330955216557e+01 1.470971418737372183e+01 1.465024099070689267e+01 1.381985865340278608e+01 1.065129644109777018e+01 8.286555282458493821e+00
1.615728993152500692e+01 1.505882055593391833e+01 1.424206414190189207e+01 1.352781310315238628e+01 1.323519324893668703e+01 1.237527032513590797e+01 1.000390095439709803e+01 6.460463168895644870e+00
1.701572242491089426e+01 1.572742167414021353e+01 1.470108984804865315e+01 1.388975176331069328e+01 1.373343065988310485e+01 1.227102373992638817e+01 9.958967526867345654e+00 7.300527309818671817e+00
1.620582253413533991e+01 1.536298995499670994e+01 1.487943545594317740e+01 1.419978409488490811e+01 1.382773101268447036e+01 1.270515222992284166e+01 1.091538039463005383e+01 6.293096194819112199e+00
1.651748023808629995e+01 1.568276828483768703e+01 1.499951155302253802e+01 1.435032709766716330e+01 1.414762963820849961e+01 1.364117946817285443e+01 1.127052040876883154e+01 8.409349330878349349e+00
1.625014445153642129e+01 1.510922242489469447e+01 1.434392656112703790e+01 1.378261118344216385e+01 1.338408752342825991e+01 1.259877135320918384e+01 1.039188429196325636e+01 7.478917081157843150e+00
1.652577889916056719e+01 1.576967355048571662e+01 1.512536002536092639e+01 1.450782367463121503e+01 1.421586588260494821e+01 1.314823532584064125e+01 1.067625699336427303e+01 7.091662181193485459e+00
1.700703648894763731e+01 1.610818397620187881e+01 1.561036714627188360e+01 1.508394597807690118e+01 1.457009203936099517e+01 1.453181143497951311e+01 1.189460804311764264e+01 8.142752790374284899e+00
1.667752350004459672e+01 1.610818397620187881e+01 1.504437620285419186e+01 1.425674136006962200e+01 1.393326709933346663e+01 1.335549037871584410e+01 1.123298504887021387e+01 8.240477524676290244e+00
1.712094969478173212e+01 1.640785481324398276e+01 1.565112342432788495e+01 1.517085124372492899e+01 1.465024099070689267e+01 1.409773478370945199e+01 1.262037336879816252e+01 8.255620534508247843e+00
1.696461952430453124e+01 1.590974057604185532e+01 1.516823586719928940e+01 1.512652932632385117e+01 1.487299176915587395e+01 1.436707654996114591e+01 1.194419365558007229e+01 9.051755253460051165e+00
1.236803952989196809e+01 1.196247668728487312e+01 1.182627192490832257e+01 1.176064689019725407e+01 1.173959876643952072e+01 1.165256029718143438e+01 1.159199881130570375e+01 9.872456666243733636e+00
1.620996657048204881e+01 1.533088251252656065e+01 1.472991085099347686e+01 1.445508439661674238e+01 1.431087094726472841e+01 1.445486059850195737e+01 1.361806439394337787e+01 1.015677434171839622e+01
1.718527178405338773e+01 1.619386394411828434e+01 1.537727386999167045e+01 1.496913474111257614e+01 1.481033575939945734e+01 1.424742501084004687e+01 1.141627997908659964e+01 8.547823269354939413e+00
1.667433484516898901e+01 1.598850685151669282e+01 1.506492702847092069e+01 1.333652096723685432e+01 1.260590118176254038e+01 1.190461190985976359e+01 1.100130264870821151e+01 7.767660032096489253e+00
1.655390835346118550e+01 1.571097081086190883e+01 1.518935607029840718e+01 1.434397155051575545e+01 1.385685212016945655e+01 1.336382620626288542e+01 1.271312656176173128e+01 1.013073625439704806e+01
1.670337558339014450e+01 1.617180178173307681e+01 1.530374979670009594e+01 1.422220973627986851e+01 1.371662615272720664e+01 1.323014934776499274e+01 1.138552052234336465e+01 7.880325566800618020e+00
1.563641174307091752e+01 1.474089151083243898e+01 1.416391990757578512e+01 1.391934536730196825e+01 1.400333890833407580e+01 1.374007944025380468e+01 1.291149179918779488e+01 1.022567554553309321e+01
1.635168907880708034e+01 1.517570450408037175e+01 1.444651869084726492e+01 1.405295616536938041e+01 1.292940676698130886e+01 1.205662934306204015e+01 1.028553580160002312e+01 6.161330318529104844e+00
1.316117304895970896e+01 1.247277664392468566e+01 1.202773307605097841e+01 1.138144251710628296e+01 1.107118318602036844e+01 1.069556304046831485e+01 9.844573800465656888e+00 7.869586248730637834e+00
1.536395866430905244e+01 1.444962758815384518e+01 1.381269344678964295e+01 1.324833156636549703e+01 1.304280394792087527e+01 1.265718689901971494e+01 1.176672673699919081e+01 9.284547813437345809e+00
1.280826767753117146e+01 1.170480088300268662e+01 1.134593286529447553e+01 1.112900622676549212e+01 1.097657675037778446e+01 1.082680888663514018e+01 1.050169968701658618e+01 9.400691316534848241e+00
1.579848739621100862e+01 1.462232988601209271e+01 1.383473960940761671e+01 1.295933479048010284e+01 1.254754907550356080e+01 1.212795706452745215e+01 1.139160309402086391e+01 7.394308698542774394e+00
1.583314149332279364e+01 1.454992064617380265e+01 1.400303495994495151e+01 1.318841367697326028e+01 1.295666517450712085e+01 1.266046542049858381e+01 1.221343691108409146e+01 9.570980866278510746e+00
1.564131903370631349e+01 1.463740979793687558e+01 1.437095873433258397e+01 1.366006106464446468e+01 1.311486976336763988e+01 1.280419515976236333e+01 1.204069637028525364e+01 7.020938082473792363e+00
1.722155274172735062e+01 1.580915921844379568e+01 1.550948600037951586e+01 1.493220137719287166e+01 1.453409748760939024e+01 1.418327003503720540e+01 1.300439048444032508e+01 8.033041937014381517e+00
1.715016409059471769e+01 1.614407935131904637e+01 1.518355515068554418e+01 1.515290478215712255e+01 1.483082195593763686e+01 1.484211549846631506e+01 1.287740759476101893e+01 9.349387148673343972e+00
1.711138367514909930e+01 1.639628380278880471e+01 1.548375645025134872e+01 1.392077490826524411e+01 1.329382992411039766e+01 1.248127994651862416e+01 1.157021073156017366e+01 8.937361527058364175e+00
1.653975253097084419e+01 1.542391680507001261e+01 1.477396824501530759e+01 1.401485624897754079e+01 1.369461723280140752e+01 1.343515392772829564e+01 1.277022808895305062e+01 9.940817164766000857e+00
1.689610880285504280e+01 1.555356210216098667e+01 1.475431044421636884e+01 1.345091469363854131e+01 1.268892782453951185e+01 1.200156613092134172e+01 1.099282029146486295e+01 7.245026153656671575e+00
1.715511050554993844e+01 1.574623181899655222e+01 1.477927099648287168e+01 1.375647758906002238e+01 1.318749925601219530e+01 1.269493613171266588e+01 1.122249476238619437e+01 6.866220605320765280e+00
1.359391333102551336e+01 1.270348066598964820e+01 1.224268436543967908e+01 1.149170534617953088e+01 1.097361025616961427e+01 1.057527292917116846e+01 9.807081175711587662e+00 7.507629941482769631e+00
1.709719084291987201e+01 1.562469368304149953e+01 1.500440593939386602e+01 1.477998324157512045e+01 1.452235968458843907e+01 1.476340450722137376e+01 1.222783507055030761e+01 8.898079964036453404e+00
1.472683614001084784e+01 1.408430749895824974e+01 1.368906398019350767e+01 1.312473663061788898e+01 1.277105010357684023e+01 1.240081823809012107e+01 1.159935976292265813e+01 8.937361527058364175e+00
1.398758323461356312e+01 1.338790380457107432e+01 1.295862254538785407e+01 1.229588010249623942e+01 1.200307434265484119e+01 1.166124623314468778e+01 1.082484996299394098e+01 7.418018716509231503e+00
1.686910864262895871e+01 1.622290468233943983e+01 1.582443965276780418e+01 1.547718291083098485e+01 1.529456877488141942e+01 1.531929254607603319e+01 1.256147153937738281e+01 1.018345224909005609e+01
1.644551555306106394e+01 1.548846693841184496e+01 1.474654590906478546e+01 1.445508439661674238e+01 1.431087094726472841e+01 1.434619636404923071e+01 1.300439048444032508e+01 1.005457109373918101e+01
1.676389667246719739e+01 1.555709870530349193e+01 1.499951155302253802e+01 1.446921565299427215e+01 1.430448424529118867e+01 1.381034849445520507e+01 1.112281598229196256e+01 8.744180886457629143e+00
1.589502785328603096e+01 1.489305378289098059e+01 1.431755110529376829e+01 1.397804810692577249e+01 1.386531794243565230e+01 1.377007406060354455e+01 1.304557378580757998e+01 1.027155855048529176e+01
1.640999765026364088e+01 1.525453734440290532e+01 1.476082357835363190e+01 1.439146659108554438e+01 1.426386203770796612e+01 1.403384952252848095e+01 1.148718408878320396e+01 8.547823269354939413e+00
1.342016903344640255e+01 1.280530115680371672e+01 1.245799305128439372e+01 1.187612798394546942e+01 1.164213222795865477e+01 1.120228560934200424e+01 1.026157675867928454e+01 7.797245955468318002e+00
1.622459653858220463e+01 1.505658422928384255e+01 1.456636017682062700e+01 1.374546721206363742e+01 1.365889900505039556e+01 1.297719908093570851e+01 1.134972377878556316e+01 8.500949679322841845e+00
1.698562087937061094e+01 1.599644162158117489e+01 1.514751867618918979e+01 1.473970880772346170e+01 1.446181515282702712e+01 1.430560336687251777e+01 1.211885715736060298e+01 9.511200472764983260e+00
1.654822385772867577e+01 1.561157850470199548e+01 1.487943545594317740e+01 1.375893957697382497e+01 1.325802639578263964e+01 1.279177241319960068e+01 1.162931300613044350e+01 8.151030361889294085e+00
1.647426115085089648e+01 1.582491110806312307e+01 1.529303168197201401e+01 1.455552842956634052e+01 1.494521568233932385e+01 1.485030977286940512e+01 1.242842667106203436e+01 9.780466947854428383e+00
1.624370089431689479e+01 1.549681237692304592e+01 1.468148234082411463e+01 1.436530300689013018e+01 1.416709278022515761e+01 1.400326338148595262e+01 1.278333572748397984e+01 9.996962973670797226e+00
1.596893783946254963e+01 1.542078788012424440e+01 1.490449768953131837e+01 1.432720309049829055e+01 1.404014705038584054e+01 1.350433249422294146e+01 1.285840078631897754e+01 8.960463168895644870e+00
1.657114262333093535e+01 1.532228824967309677e+01 1.496585504222513130e+01 1.469502199829920031e+01 1.464587182503309393e+01 1.401463245086275400e+01 1.189460804311764264e+01 9.491983401099254536e+00
1.415227268278378148e+01 1.317879849538860526e+01 1.293892611036158158e+01 1.270765938577669729e+01 1.271071590428504194e+01 1.250000000000000000e+01 1.221995786885291224e+01 9.769343770496515589e+00
1.600442809694427382e+01 1.480098711300103353e+01 1.397733586183352728e+01 1.349833429132849005e+01 1.342579826869092585e+01 1.332478891171805735e+01 1.098021972986605199e+01 8.920352256921001199e+00
1.602174483092318980e+01 1.487400529071550181e+01 1.407007700679082518e+01 1.380038971736215991e+01 1.381143447852354456e+01 1.337012034681600170e+01 1.100130264870821151e+01 8.559864829434415512e+00
1.680980455366562509e+01 1.559311315818887422e+01 1.492558060837347433e+01 1.457103921056955187e+01 1.418121178549316141e+01 1.432064845109501405e+01 1.228186294308200210e+01 9.409482750841940302e+00
1.598569336033967936e+01 1.476624058920963733e+01 1.437095873433258397e+01 1.410932765120104015e+01 1.407566495318326361e+01 1.393389866219106210e+01 1.377052040876883154e+01 1.019430970161701211e+01
1.736202435547727418e+01 1.608202039200646638e+01 1.547615499886494383e+01 1.514846413709261341e+01 1.493378677465311455e+01 1.422870495735867102e+01 1.174962817567342732e+01 8.808211096067458001e+00
1.719038114032835551e+01 1.598587476245852734e+01 1.505975273970357264e+01 1.487216164145793584e+01 1.456198949276641486e+01 1.409773478370945199e+01 1.180175352310622650e+01 9.230825523852999481e+00
1.347728327797375059e+01 1.285120437165121032e+01 1.259828290623172187e+01 1.237216164145793584e+01 1.233082195593763686e+01 1.223345126401358840e+01 1.219410578550736446e+01 9.736642048637701663e+00
1.655962276773005470e+01 1.586179741405464760e+01 1.531893516598058014e+01 1.512219504430134975e+01 1.507957901490347652e+01 1.537651823689886044e+01 1.456992084819728106e+01 9.797999401331516367e+00
1.573366865712234386e+01 1.490270483492407649e+01 1.463047716059446302e+01 1.442280960647364729e+01 1.436000766725590516e+01 1.426647350301552564e+01 1.423279471902600513e+01 9.292444111549420072e+00
1.671985141099951733e+01 1.532657687751939513e+01 1.458620159364718205e+01 1.422788927602138287e+01 1.384219393526677955e+01 1.364931236166715856e+01 1.116159639773758094e+01 7.791263922678592913e+00
1.401198282783645332e+01 1.255770181682951758e+01 1.193678108113845582e+01 1.112137934800394490e+01 1.083998386639675182e+01 1.056887682110206583e+01 1.004900191349705985e+01 7.613718097129881457e+00
1.499592083601042170e+01 1.406173420760374881e+01 1.371368490380239713e+01 1.337045298521003645e+01 1.328757206122588741e+01 1.321362895153343864e+01 1.289919567450654725e+01 8.210810755402821570e+00
1.586742290348073503e+01 1.468394847370851153e+01 1.451724278956696068e+01 1.399936759537443720e+01 1.388677587810432001e+01 1.394813802962826799e+01 1.409199881130570375e+01 8.665770963593612208e+00
1.597060180332043267e+01 1.481878646580840453e+01 1.437095873433258397e+01 1.371782661283782545e+01 1.358258637176050065e+01 1.342847245307497772e+01 1.327879225592697665e+01 9.070972325125779889e+00
1.473748069786720194e+01 1.355647247905224972e+01 1.308216462024766358e+01 1.283671129708106307e+01 1.274803009910977991e+01 1.267923306163768693e+01 1.265887868797202387e+01 9.865717127503970119e+00
1.698987034156534648e+01 1.591465341792993371e+01 1.518935607029840718e+01 1.461081421529276980e+01 1.427001353407710660e+01 1.434103846263979776e+01 1.240335805487645260e+01 9.064528767906253393e+00
1.604646184446839641e+01 1.489305378289098059e+01 1.421802471992289263e+01 1.393807784346544842e+01 1.386531794243565230e+01 1.384237843385511724e+01 1.370694696154886749e+01 1.005297324767484568e+01
1.679903683362834954e+01 1.572122335356816336e+01 1.527820188374588106e+01 1.489648314944185969e+01 1.488379520361248254e+01 1.446059009045091948e+01 1.358998344411375747e+01 9.691079998372204685e+00
1.479232752013079910e+01 1.392741815702387420e+01 1.350581632063933313e+01 1.324833156636549703e+01 1.317617760801535809e+01 1.307367036621636913e+01 1.283050024794856903e+01 1.009198593100128605e+01
1.706022604027988976e+01 1.603151192678574688e+01 1.551995100867290844e+01 1.534730392943919774e+01 1.492247692025300054e+01 1.417882938997269804e+01 1.255255007418671198e+01 9.366220605320766168e+00
1.719551465440600069e+01 1.628342577141649272e+01 1.528030806521093155e+01 1.473364322655814718e+01 1.456603320770046217e+01 1.442110442249283864e+01 1.268666870023567661e+01 9.926512133001210714e+00
1.592654635694898069e+01 1.462984366136140579e+01 1.415640613222647382e+01 1.337910431548380430e+01 1.298462559188840615e+01 1.259877135320918384e+01 1.183794808152778444e+01 9.623442094983829520e+00
1.489862567093449819e+01 1.372617990716023151e+01 1.319346947911858337e+01 1.248046426518133600e+01 1.219492780013115407e+01 1.187235994824464314e+01 1.111806439394337787e+01 7.538697474671371523e+00
1.445221097547565670e+01 1.345477756647374967e+01 1.296360299542731731e+01 1.253097273040205550e+01 1.234644432913014001e+01 1.223345126401358840e+01 1.163693223883545613e+01 7.601962137833297106e+00
1.433535246661984175e+01 1.317681903047430048e+01 1.243321054985624485e+01 1.217192035646192139e+01 1.227048775664583857e+01 1.216893310499787439e+01 1.201765309979309748e+01 9.956773495038998334e+00
1.343135405279614503e+01 1.255546779092864895e+01 1.220853492548249264e+01 1.194344724121623713e+01 1.187689348512948051e+01 1.186707654996114591e+01 1.171621827177847308e+01 9.675179811629099902e+00
1.709719084291987201e+01 1.594714046906659988e+01 1.525736177742956201e+01 1.455809822059976000e+01 1.431729544059408887e+01 1.395894146408487302e+01 1.105363741579731673e+01 8.126384597889980910e+00
1.491110553482824663e+01 1.393137348454855839e+01 1.331750201763087382e+01 1.244682430805853812e+01 1.196920114188715978e+01 1.150326338148595262e+01 1.072796849051389856e+01 8.402344556873341475e+00
1.504449221560623684e+01 1.416476920738675460e+01 1.385724271969459132e+01 1.364664293870701250e+01 1.358586654405833372e+01 1.355552145849743439e+01 1.327532897961006242e+01 1.009198593100128605e+01
1.511788069898758025e+01 1.419971545822655301e+01 1.362295527278865137e+01 1.297718291083098485e+01 1.274803009910977991e+01 1.246287719740270106e+01 1.160677096033200506e+01 8.960463168895644870e+00
1.563152653255804658e+01 1.430066336319323561e+01 1.350993676658951514e+01 1.282101363272630934e+01 1.257309698845777746e+01 1.247203958261871470e+01 1.223709795846206028e+01 9.391970496920293954e+00
1.758792745577979133e+01 1.625611021235995324e+01 1.521883488212230340e+01 1.448593799330904375e+01 1.377563773496574484e+01 1.314823532584064125e+01 1.185650812672580301e+01 8.131813290223565360e+00
1.408865487725258170e+01 1.314755213164117364e+01 1.272482792146794317e+01 1.210006426406095947e+01 1.180767290016679638e+01 1.152227851207330289e+01 1.097605183144739627e+01 8.613645616160813034e+00
1.515652307664714371e+01 1.441815476988379352e+01 1.407701464192775731e+01 1.382237678854366791e+01 1.373155059672111200e+01 1.392334036629834770e+01 1.350130264870820795e+01 1.024455839025920767e+01
1.697297138244710268e+01 1.602331765238265859e+01 1.561897276229942833e+01 1.510929505645409954e+01 1.478031349071691913e+01 1.417882938997269804e+01 1.259052307068773757e+01 8.931662111321116981e+00
1.502340929676408088e+01 1.419465374181051587e+01 1.369884545360113393e+01 1.306458817013498752e+01 1.274803009910977991e+01 1.238371967676435759e+01 1.166011609915786096e+01 9.110457993083858952e+00
1.482661677630898822e+01 1.408430749895824974e+01 1.364610617558666128e+01 1.298924677055421206e+01 1.260590118176254038e+01 1.221151645324482615e+01 1.142253784197110988e+01 8.626444226500890267e+00
1.417433484516898901e+01 1.338790380457107432e+01 1.293648899103355454e+01 1.228314404789701797e+01 1.202235968458844084e+01 1.164824324893016794e+01 1.086165810504570928e+01 7.585385690585764173e+00
1.357358405923957889e+01 1.269456547990664674e+01 1.232958963108771044e+01 1.179039494844652225e+01 1.139111882871396020e+01 1.112509419315932746e+01 1.031455000635413022e+01 7.433641089701734650e+00
1.261031456241211046e+01 1.175700979681649727e+01 1.141562970064094884e+01 1.118855971400469684e+01 1.096622928821483001e+01 1.086173624179703090e+01 1.072136825009837935e+01 8.674707114489358162e+00
1.440002136998911375e+01 1.378342577141649272e+01 1.331404975333990848e+01 1.253097273040205550e+01 1.215462780962327116e+01 1.167000221773486501e+01 1.098021972986605199e+01 8.528046106779314073e+00
1.406825118033108168e+01 1.326752144630287589e+01 1.287497114122869135e+01 1.224887119293947713e+01 1.191147399421034869e+01 1.153773409270003647e+01 1.060303355310930407e+01 7.486399786204108509e+00
1.400651311246601516e+01 1.330915921844379568e+01 1.301470589603367856e+01 1.278023001338262077e+01 1.259266033223766890e+01 1.258847993772210394e+01 1.245896752686734565e+01 9.482500928556406805e+00
1.299541735819362742e+01 1.223257165246011979e+01 1.190808153692987936e+01 1.173933827003326513e+01 1.155522696231062341e+01 1.144456064186214483e+01 1.127052040876883154e+01 7.922132125329405028e+00
1.514868379201499593e+01 1.376287494579976567e+01 1.302522158312373612e+01 1.241419538898206198e+01 1.217683177782135573e+01 1.189916961172407639e+01 1.130940002803422395e+01 7.583741880726336149e+00
1.432799151500288737e+01 1.363499363968131206e+01 1.316906988589569139e+01 1.258394597807690118e+01 1.233600447749480011e+01 1.201356333812576338e+01 1.119161866642011915e+01 8.023149055770840476e+00
1.521304255351082269e+01 1.400939944051464181e+01 1.357808375466474438e+01 1.322547311776581935e+01 1.321050300219719986e+01 1.278684284194010701e+01 1.145437989547844104e+01 7.557773857727575262e+00
1.501647166162714875e+01 1.409808023592018955e+01 1.340758153092254190e+01 1.265290478215712255e+01 1.228525990567213810e+01 1.189916961172407639e+01 1.118151872191577034e+01 7.825606349352471902e+00
1.442379756546421987e+01 1.358489651608504722e+01 1.327345675616319554e+01 1.287424665697967718e+01 1.277883319213719737e+01 1.268593515825711648e+01 1.209294899042684790e+01 9.666197454670424349e+00
1.366722354340478418e+01 1.286744274129839027e+01 1.232680925516429049e+01 1.158243497719327664e+01 1.119461723280140752e+01 1.070636647492491988e+01 9.869807356556769662e+00 7.222418226806361474e+00
1.465016409059471769e+01 1.372290468233943805e+01 1.320276257041595969e+01 1.241062974963698196e+01 1.200307434265484119e+01 1.163114468760440445e+01 1.113719680451469074e+01 7.578825331020392575e+00
1.283575613828483064e+01 1.183459538116641951e+01 1.149010937627972595e+01 1.124668508791175903e+01 1.120190408031945140e+01 1.106303523384674925e+01 1.119670409119625454e+01 8.643747161701094583e+00
1.373729535240539157e+01 1.290066674737510688e+01 1.251591271391445837e+01 1.207364602143708865e+01 1.195814091512508881e+01 1.187235994824464314e+01 1.185650812672580301e+01 8.381597373896056524e+00
1.532651577438492119e+01 1.376627318395657618e+01 1.294627046444118079e+01 1.216338241308238821e+01 1.187010761176025397e+01 1.150326338148595262e+01 1.077532897961005887e+01 7.744558390259207670e+00
1.421323104777529878e+01 1.323783149697838546e+01 1.264751867618918979e+01 1.194576471531863504e+01 1.154014705038584054e+01 1.120801510129096634e+01 1.048041005971026074e+01 7.484899113947568239e+00
1.454668237769915606e+01 1.355087588828526179e+01 1.319346947911858337e+01 1.291879592988462555e+01 1.290281597986684581e+01 1.285929448258307417e+01 1.304557378580757998e+01 7.994000024408355998e+00
1.664605068177454328e+01 1.580025969152824672e+01 1.535898735427750239e+01 1.501910664284089947e+01 1.468584208849341977e+01 1.451961202343429669e+01 1.221995786885291224e+01 9.391970496920293954e+00
1.371204453514457811e+01 1.303258103952273927e+01 1.262902187100660889e+01 1.222761134323980059e+01 1.209476892442673268e+01 1.195486059850195737e+01 1.162931300613044350e+01 8.048052354038606637e+00
1.412759579771804752e+01 1.340241274481917344e+01 1.301209281124705441e+01 1.218920034250274398e+01 1.191147399421034869e+01 1.158954050930636193e+01 1.065438530862853739e+01 7.742655258825815956e+00
1.554265460744272964e+01 1.480985031491266035e+01 1.442713002910536169e+01 1.412648023866095492e+01 1.414762963820849961e+01 1.383913258329191542e+01 1.240646016042889421e+01 9.316483533528415961e+00
1.521304255351082269e+01 1.429510971320834045e+01 1.370871585071361309e+01 1.305166258646976019e+01 1.277105010357684023e+01 1.248127994651862416e+01 1.200684966533649245e+01 8.768363093313839229e+00
1.519659169023251977e+01 1.430066336319323561e+01 1.373887712921706594e+01 1.312473663061788898e+01 1.280252292184689011e+01 1.247203958261871470e+01 1.181068967400197245e+01 9.427282103649311296e+00
1.478671646782466809e+01 1.376627318395657618e+01 1.323112884520827137e+01 1.238251850413782407e+01 1.193635283537955871e+01 1.165689457920393579e+01 1.100556880824325390e+01 7.960953328025155429e+00
1.371621243356323561e+01 1.259177583303138626e+01 1.190808153692987936e+01 1.114553221103493996e+01 1.075317935110417444e+01 1.055935275823515163e+01 1.009976343458764703e+01 7.882486236577888050e+00
1.428132459408814725e+01 1.355367057761401206e+01 1.309617431404265986e+01 1.257977807965824368e+01 1.240573001438124479e+01 1.213467991080440456e+01 1.188495699108454673e+01 8.398859044394328066e+00
1.436910864262895871e+01 1.353700933703559528e+01 1.308774682382839316e+01 1.257977807965824368e+01 1.238923750174816618e+01 1.224832459529659090e+01 1.185650812672580301e+01 7.601962137833297106e+00
1.440394808748719058e+01 1.361113034491573615e+01 1.309617431404265986e+01 1.260077943472431983e+01 1.230527404298342020e+01 1.198381527987649520e+01 1.120694696154886749e+01 8.328134945674637635e+00
1.419360877505812191e+01 1.341711820038406167e+01 1.295119444659844277e+01 1.243583868781330715e+01 1.211153738444419758e+01 1.170121649660501362e+01 1.070504108220098516e+01 9.144496398417352623e+00
1.415853054566829350e+01 1.337121817775637567e+01 1.292679485337554901e+01 1.251126735820875524e+01 1.226560803515203446e+01 1.193224027605846338e+01 1.141627997908659964e+01 9.418345952753565342e+00
1.421323104777529878e+01 1.344714046906659988e+01 1.318731798274944111e+01 1.299532934223170955e+01 1.298462559188840615e+01 1.291457045902089718e+01 1.280778527291431779e+01 1.007068023502087861e+01
1.671323104777529878e+01 1.592952674921293621e+01 1.499626084339435117e+01 1.457625910622371457e+01 1.404515045188902178e+01 1.395532836189942216e+01 1.162174686955497371e+01 8.793096194819112199e+00
1.525529442985632755e+01 1.399670062669145310e+01 1.326683639293897343e+01 1.249191325919321827e+01 1.204596357517054450e+01 1.170121649660501362e+01 1.107165834742275301e+01 8.083905392006041524e+00
1.381220341084900127e+01 1.282514545186082877e+01 1.231851059409002147e+01 1.149476376004627909e+01 1.109742582196176564e+01 1.069915225433119943e+01 1.017865585054764921e+01 7.996399442411981084e+00
1.483243843210544455e+01 1.420991023927765262e+01 1.391562970064094884e+01 1.378766112838218305e+01 1.377173220483811278e+01 1.312952993248449829e+01 1.281908335826280165e+01 8.990049092267474506e+00
1.706477840000895441e+01 1.595222589384273348e+01 1.535220854221678621e+01 1.486531154804286281e+01 1.462001974168754614e+01 1.453796293134865358e+01 1.229439884352732193e+01 9.751054687772175100e+00
1.666798549254330553e+01 1.557856371159268072e+01 1.479803727461720797e+01 1.409244183332746303e+01 1.397476525388212032e+01 1.379157449000834035e+01 1.261471356690377021e+01 9.144496398417352623e+00
1.529032121596336324e+01 1.413091277409839641e+01 1.331404975333990848e+01 1.291312627624506959e+01 1.292940676698130886e+01 1.172870495735867102e+01 8.903871430257723318e+00 6.100996119237306559e+00
1.504449221560623684e+01 1.390785481324398276e+01 1.352657672761077912e+01 1.320308601113350377e+01 1.326289517616015168e+01 1.318309341458799189e+01 1.229720436499728464e+01 1.031742750687400623e+01
1.674674408500728262e+01 1.584550524676023642e+01 1.553317573008921038e+01 1.479588010249623942e+01 1.456198949276641486e+01 1.472609031239663580e+01 1.331763574240022230e+01 1.001377273696193981e+01
1.339347569261459192e+01 1.262695394916703506e+01 1.246427808304484586e+01 1.225194258453439033e+01 1.222265023054518451e+01 1.216893310499787439e+01 1.210347317174283077e+01 8.948850906281236917e+00
1.615728993152500692e+01 1.525185981849659100e+01 1.488235410341247089e+01 1.438267515677845054e+01 1.413666251258821305e+01 1.419220618593295136e+01 1.326843539324708843e+01 8.605196264532361639e+00
1.569036467608609797e+01 1.457830752336660751e+01 1.399655293349925245e+01 1.350807190103730093e+01 1.351435844014292620e+01 1.331474502691191120e+01 1.338054094977182196e+01 9.292444111549420072e+00
1.547412773088730376e+01 1.457114092173759801e+01 1.408399689238818198e+01 1.337910431548380430e+01 1.298462559188840615e+01 1.269719808295737096e+01 1.229439884352732193e+01 9.964104624882832439e+00
1.639758910143476811e+01 1.460745655472909021e+01 1.388022212147266288e+01 1.342342623288488213e+01 1.328882075165076948e+01 1.314995190517806556e+01 1.309421832575548272e+01 9.970005379650260124e+00
1.560504384881448559e+01 1.480985031491266035e+01 1.438936148344850707e+01 1.371901385866936707e+01 1.349605908216668482e+01 1.322830128569368213e+01 1.283740845495380434e+01 1.005617129477277771e+01
1.640501720022417942e+01 1.538241865052135893e+01 1.475560994910490464e+01 1.441376175240682223e+01 1.398183847892928000e+01 1.321910786747337241e+01 1.131506968167377991e+01 7.237835821385517399e+00
1.341067273788116765e+01 1.224927561585140623e+01 1.184392656112703790e+01 1.147203293251107858e+01 1.122780020886509078e+01 1.097149995604473460e+01 1.029216289972181286e+01 7.102152467677504966e+00
1.600442809694427382e+01 1.489305378289098059e+01 1.444651869084726492e+01 1.347911721966276488e+01 1.344294182809799842e+01 1.318132367303110897e+01 1.248203411046329769e+01 1.026183837630003204e+01
1.448987034156534470e+01 1.322328553121518269e+01 1.269713915885876609e+01 1.198834806356558502e+01 1.162310757741965972e+01 1.126400847943823003e+01 1.034668830806809758e+01 7.180831756744074923e+00
1.495595057255009586e+01 1.391563790180433813e+01 1.341512139597892883e+01 1.303255823073507358e+01 1.304280394792087527e+01 1.303435628833446991e+01 1.286075852058916169e+01 9.792961173243202921e+00
1.402577889916056542e+01 1.289150436215909323e+01 1.242102824864440969e+01 1.199804220122359055e+01 1.182052199929782432e+01 1.170574984851368505e+01 1.142883198252422616e+01 6.623945572800623793e+00
1.610894106165530104e+01 1.481878646580840453e+01 1.419450604861831344e+01 1.365669095473296224e+01 1.353924746592929651e+01 1.345317485935373192e+01 1.298569345799375796e+01 1.010530801476395268e+01
1.460663208680051284e+01 1.365939323290420226e+01 1.314816097718368759e+01 1.243583868781330715e+01 1.211577027949281060e+01 1.175215589503430813e+01 1.118655695000408556e+01 8.914741204614870185e+00
1.580848109390005085e+01 1.487400529071550181e+01 1.438012111954859762e+01 1.397053433157646118e+01 1.392425678866140437e+01 1.370514657596384822e+01 1.404182385436736880e+01 1.042437770256165663e+01
1.548472036324544021e+01 1.361408473096930649e+01 1.277609978007905411e+01 1.238599286295783841e+01 1.209476892442673268e+01 1.203181143497951311e+01 1.185650812672580301e+01 8.405841294854754508e+00
1.632597614781094109e+01 1.532657687751939513e+01 1.481988930691624695e+01 1.418508693368257134e+01 1.392875259717531122e+01 1.366852943333288550e+01 1.209878315924594361e+01 8.701965522015168375e+00
1.540273907975467083e+01 1.402656558789693619e+01 1.352239276788686340e+01 1.320308601113350377e+01 1.321516282138759557e+01 1.324130426990820197e+01 1.324129057427656697e+01 9.482500928556406805e+00
1.519659169023251977e+01 1.416476920738675460e+01 1.370871585071361309e+01 1.292449534562187452e+01 1.259926057265318988e+01 1.229420760024879300e+01 1.157021073156017366e+01 8.630744177486576518e+00
1.557455681198495689e+01 1.481878646580840453e+01 1.429180121369423873e+01 1.375279504328631930e+01 1.348552517634495018e+01 1.327547361375566481e+01 1.245733851500172662e+01 9.366220605320766168e+00
1.627851706234281082e+01 1.490270483492407649e+01 1.440808153692987936e+01 1.385823922613281844e+01 1.391754778973584905e+01 1.366852943333288550e+01 1.370694696154886749e+01 1.016029374902937121e+01
1.497575178164033893e+01 1.364712489666734285e+01 1.302258309773107214e+01 1.241419538898206198e+01 1.219492780013115407e+01 1.180063431378373373e+01 1.052891254522916320e+01 6.945378125959108750e+00
1.505161182278830267e+01 1.387726867220145266e+01 1.330034943017095728e+01 1.279534491463096835e+01 1.243948619039036352e+01 1.201961202343429669e+01 1.138552052234336465e+01 8.302359581959191104e+00
1.602349179220878383e+01 1.493218364674797272e+01 1.432627192490832257e+01 1.371309056953866623e+01 1.316608809210155506e+01 1.291595444417293237e+01 1.214295883970090983e+01 9.245905435777782344e+00
1.585238476550263798e+01 1.454992064617380265e+01 1.388604377726911920e+01 1.304525704455826052e+01 1.275564933181479432e+01 1.236688622011693717e+01 1.114203305395769128e+01 7.112745100035642309e+00
1.601652074929004499e+01 1.488348776325834955e+01 1.433506335921541464e+01 1.398258145883444392e+01 1.396075556008712404e+01 1.393036780963291754e+01 1.362281598229196256e+01 9.989407367641863544e+00
1.415227268278378148e+01 1.325257498915995313e+01 1.282991338089550837e+01 1.257562611970458200e+01 1.249217375559947385e+01 1.244478117509290449e+01 1.243319216315190090e+01 1.014628405523437493e+01
1.467008641477290709e+01 1.356209806782827876e+01 1.313932182764642143e+01 1.267538459563360043e+01 1.261258265641585652e+01 1.250948247254284773e+01 1.251414382474971099e+01 1.009364227946097969e+01
1.511031456241211046e+01 1.409346988417426338e+01 1.359135157196708477e+01 1.294759698745915344e+01 1.254754907550356080e+01 1.216199546986094404e+01 1.142883198252422616e+01 8.504779440629711473e+00
1.322965978042723023e+01 1.221612078918181510e+01 1.176664789867449912e+01 1.116683283007728633e+01 1.090892120029821122e+01 1.059959962728477834e+01 9.779096734694578075e+00 7.050686140723061435e+00
1.319940714766708467e+01 1.230985031491266035e+01 1.191756400947272709e+01 1.121190977964005597e+01 1.089230246454633111e+01 1.053590182055951630e+01 9.922105045024032677e+00 7.908755329369151710e+00
1.591224969706145487e+01 1.481878646580840453e+01 1.442713002910536169e+01 1.364331415877270715e+01 1.327269872994288491e+01 1.278316029616640215e+01 1.201765309979309748e+01 9.186803161207512503e+00
1.594265549823067474e+01 1.458552174396032619e+01 1.400303495994495151e+01 1.362246562743898792e+01 1.360408680116529645e+01 1.333900829818035660e+01 1.286075852058916169e+01 9.215952192569996981e+00
1.517237352172468867e+01 1.403962068953399012e+01 1.341512139597892883e+01 1.282622101059704178e+01 1.256024788932674952e+01 1.239223529849413552e+01 1.187539097145191569e+01 9.230825523852999481e+00
1.489243912311486007e+01 1.412616118574980995e+01 1.374398648549203017e+01 1.293022483757083307e+01 1.265355869688628054e+01 1.236688622011693717e+01 1.194419365558007229e+01 9.845745941409761670e+00
1.618940277008380235e+01 1.466042980240393589e+01 1.415640613222647382e+01 1.364220682955407327e+01 1.369825454342184301e+01 1.335549037871584410e+01 1.314514494472862793e+01 8.823539391196204562e+00
1.428837485395726858e+01 1.341465341792993371e+01 1.295119444659844277e+01 1.216906690881489617e+01 1.193635283537955871e+01 1.165689457920393579e+01 1.100556880824325390e+01 7.727549120121846471e+00
1.587502080855809439e+01 1.514619230330974986e+01 1.443678108113845582e+01 1.370250940745679102e+01 1.343433621207045725e+01 1.307527292917116846e+01 1.228602551509984764e+01 9.773038849065013522e+00
1.646634566350923023e+01 1.500424946219473554e+01 1.460188845771937594e+01 1.412130594989361043e+01 1.400575434026412758e+01 1.390596821641002734e+01 1.341538039463005383e+01 9.681965684998326438e+00
1.333314149332279364e+01 1.189969988582729599e+01 1.129644771419735072e+01 1.088782513509835681e+01 1.082955654778928434e+01 1.072645636391627377e+01 1.063294553318341151e+01 8.854860876801049940e+00
1.425015299268915214e+01 1.335711750937464615e+01 1.286353019021362520e+01 1.223667178139425893e+01 1.196550186674204141e+01 1.163966030933418239e+01 1.109926329722805072e+01 9.151434033554281200e+00
1.669360877505812013e+01 1.570283791736760470e+01 1.511625908184063150e+01 1.481526876423814443e+01 1.474630554978962671e+01 1.419670199444685821e+01 1.449615267038830524e+01 9.172516952396438938e+00
1.409160124596644081e+01 1.293177879601075020e+01 1.244863319844970562e+01 1.196921565299427215e+01 1.186336388694467736e+01 1.171487373585876846e+01 1.122772723615080359e+01 6.973100556373140080e+00
1.658571648248274499e+01 1.585478509987452966e+01 1.491047972232104257e+01 1.438267515677845054e+01 1.430130492763209737e+01 1.417882938997269804e+01 1.350985179685355320e+01 9.759551269348248681e+00
1.345571714393613227e+01 1.255212534743280095e+01 1.218148234082411463e+01 1.193193349381873247e+01 1.184668558349323675e+01 1.177612455504862154e+01 1.180175352310622650e+01 1.004819377023660465e+01
1.522136241188314187e+01 1.397586052037513582e+01 1.347340387772841375e+01 1.305810614368928668e+01 1.308339694509758999e+01 1.299343745058289024e+01 1.277676212795976696e+01 9.662848137243896574e+00
1.469551465440600424e+01 1.387350528470816080e+01 1.344971414801871923e+01 1.301378422628820886e+01 1.296590553840703031e+01 1.288187329685334781e+01 1.277676212795976696e+01 1.014107667736364604e+01
1.647957038492553394e+01 1.517570450408037175e+01 1.424206414190189207e+01 1.324833156636549703e+01 1.287686089038254167e+01 1.247203958261871470e+01 1.178409888688751117e+01 8.038022387053842976e+00
1.426389667246719561e+01 1.278857574973639899e+01 1.228861359061728464e+01 1.181068967400197245e+01 1.180767290016679638e+01 1.170121649660501362e+01 1.152101038240704156e+01 9.894308698542774394e+00
1.572168616169094157e+01 1.481878646580840453e+01 1.447626674909653488e+01 1.394683382805562388e+01 1.393780045124213629e+01 1.317251797833373317e+01 1.126507811063314435e+01 7.207216502259141677e+00
1.333755207300260537e+01 1.256443160824004757e+01 1.219492437886998815e+01 1.193422649615941644e+01 1.184668558349323675e+01 1.179076391667125279e+01 1.167585168190208122e+01 8.156584011874187468e+00
1.503741899055907716e+01 1.395541290652755784e+01 1.350581632063933313e+01 1.309759181164736930e+01 1.300367408406388492e+01 1.283075497024224454e+01 1.175814379740320703e+01 7.070980866278509858e+00
1.496251093211546923e+01 1.426237146798296962e+01 1.378575071924916351e+01 1.354791990379092148e+01 1.346329089344499508e+01 1.338069235054724793e+01 1.318576715231185403e+01 1.023318932088240629e+01
1.629410738853920293e+01 1.538998478709682871e+01 1.463745193536055211e+01 1.398561424350124227e+01 1.379140187693885800e+01 1.274582126170897567e+01 1.024024530230490981e+01 6.954540511175122397e+00
1.375879578181018736e+01 1.291922679257312367e+01 1.262536002536092639e+01 1.236190264036099329e+01 1.220870053709309389e+01 1.195486059850195737e+01 1.134972377878556316e+01 5.716679614042785573e+00
1.689221028446624118e+01 1.575682445135468868e+01 1.457073815132003602e+01 1.402740825241516731e+01 1.384427588452362201e+01 1.305935275823515163e+01 1.008136068547172215e+01 6.730825523852999481e+00
1.327043063593913885e+01 1.219190262067398578e+01 1.187095873433258397e+01 1.158243497719327664e+01 1.161505510882944847e+01 1.150703985904904769e+01 1.141627997908659964e+01 9.993934418834685474e+00
1.643524846752445612e+01 1.572122335356816336e+01 1.491649489673573825e+01 1.514404158024549751e+01 1.502877507105669963e+01 1.405341286630837239e+01 1.201873937922814228e+01 8.996064266682171962e+00
1.557109353566804089e+01 1.472431506358490516e+01 1.433506335921541464e+01 1.401798067186680719e+01 1.398657969259780920e+01 1.395172724349115256e+01 1.374891300501006697e+01 9.863032982243812086e+00
1.406536741713575189e+01 1.306420666001734077e+01 1.275942787929901634e+01 1.253495708791844798e+01 1.252258852323705973e+01 1.245379148576496675e+01 1.230283725028952091e+01 9.409482750841940302e+00
1.394551555306106394e+01 1.298680552078886308e+01 1.244708103777826658e+01 1.186962005514139662e+01 1.170709811325071570e+01 1.158546644747259258e+01 1.154182385436736880e+01 9.940817164766000857e+00
1.571508592127542236e+01 1.474927561585140623e+01 1.429180121369423873e+01 1.396903779625371200e+01 1.391532063776565842e+01 1.387203619843684343e+01 1.341145367713197700e+01 1.013245283373447236e+01
1.580561635291153344e+01 1.468394847370851153e+01 1.421802471992289263e+01 1.366118676324686909e+01 1.363286091772904562e+01 1.341523160355010802e+01 1.339588730003039885e+01 9.749846300107364527e+00
1.585687437715736614e+01 1.485528523723412597e+01 1.411959799017470552e+01 1.352781310315238628e+01 1.377563773496574484e+01 1.364117946817285443e+01 1.318258783465275918e+01 9.841795411139479199e+00
1.686910864262895871e+01 1.601248727624675539e+01 1.573432689230620518e+01 1.521234939827358446e+01 1.522548805331134147e+01 1.463467991080440456e+01 1.354031533203464832e+01 9.758333393500128849e+00
1.637077943795533130e+01 1.530249563533375579e+01 1.469369547528122766e+01 1.453770820905497807e+01 1.446181515282702712e+01 1.439375445733280756e+01 1.378148753438911633e+01 9.770574066610887343e+00
1.628739838961364939e+01 1.556242530407261171e+01 1.510006718963207106e+01 1.405457304758146364e+01 1.391977951961670179e+01 1.340867124398473464e+01 1.102280307811300375e+01 8.190516029847373147e+00
1.722683614001084962e+01 1.586649757812540962e+01 1.507360602116598614e+01 1.427641103217036900e+01 1.362602161193405870e+01 1.270401234928821310e+01 1.102280307811300375e+01 7.593642279460977917e+00
1.607909076354487610e+01 1.503556575538634199e+01 1.460981770885454445e+01 1.436315090270729122e+01 1.423959876643952072e+01 1.415689457920393579e+01 1.404885129770194041e+01 9.706055907595171561e+00
1.693588380757826428e+01 1.593955671619769987e+01 1.497059970908284576e+01 1.487560296352994271e+01 1.478031349071691913e+01 1.437766918231928059e+01 1.265301511185877636e+01 1.004819377023660465e+01
1.535447619176620471e+01 1.431749681984065603e+01 1.402935712680401537e+01 1.357879599975699492e+01 1.354872993847214424e+01 1.348077980915902963e+01 1.316682941281591290e+01 9.660620985273705941e+00
1.688059802185183145e+01 1.598324903879728254e+01 1.516633606583134863e+01 1.458150421886294268e+01 1.417554213185360723e+01 1.409773478370945199e+01 1.148054347967385169e+01 8.839087192033531437e+00
1.578296653638445690e+01 1.466821289096429126e+01 1.420228913717867236e+01 1.381586365440640307e+01 1.378152249844943711e+01 1.362775857782097866e+01 1.338054094977182196e+01 9.777985264020234268e+00
1.579706720476618997e+01 1.487400529071550181e+01 1.457403325613981693e+01 1.419978409488490811e+01 1.423959876643952072e+01 1.414394329794448346e+01 1.419989110388107889e+01 1.020711550033507464e+01
1.599928647942029336e+01 1.514983775565922031e+01 1.483237714533968798e+01 1.421843981511461585e+01 1.365889900505039556e+01 1.277826958427174731e+01 1.169181867855558288e+01 8.308746283932730847e+00
1.531735338916890576e+01 1.432886588921745741e+01 1.395845301710741104e+01 1.371427264500083965e+01 1.363629679466209943e+01 1.357060137042221903e+01 1.374357768122835211e+01 9.984899113947568239e+00
1.706934992762497671e+01 1.582491110806312307e+01 1.507884691406827571e+01 1.449804220122359055e+01 1.395151519618721458e+01 1.362775857782097866e+01 1.097189987149373280e+01 7.942511505378268666e+00
1.522136241188314187e+01 1.417960865758801958e+01 1.363215648213456888e+01 1.333652096723685432e+01 1.333345506617808773e+01 1.319915225433119943e+01 1.279438095198404746e+01 9.860355456337497770e+00
1.492373051666984907e+01 1.391563790180433813e+01 1.353922622453428559e+01 1.324833156636549703e+01 1.320355055877318762e+01 1.305462187404089036e+01 1.276373313715327917e+01 9.751054687772175100e+00
1.721106245524332934e+01 1.592703366842806645e+01 1.505289182458397157e+01 1.425090928048844319e+01 1.408863686620557765e+01 1.384889939162393802e+01 1.178409888688751117e+01 9.740227311790196296e+00
1.476455781699640646e+01 1.359939254189478675e+01 1.318120114288172218e+01 1.285263925322091261e+01 1.285989591702431056e+01 1.275892410669199606e+01 1.255255007418671198e+01 1.047029305189555437e+01
1.698138798432199792e+01 1.584089489501431025e+01 1.516633606583134863e+01 1.471564718686275874e+01 1.440446922020534082e+01 1.380719686320084350e+01 1.322136825009837935e+01 9.849710898481143673e+00
1.389021147709255999e+01 1.303952977495160681e+01 1.279516685710411217e+01 1.252700294095297551e+01 1.252877507105669963e+01 1.240946956836388892e+01 1.211410036462697626e+01 1.019249256946940818e+01
1.474823064909901227e+01 1.357059148432025708e+01 1.323432689230620518e+01 1.285800092438738496e+01 1.282674109035472121e+01 1.270059987019377878e+01 1.252795305643291002e+01 1.007393094464906369e+01
1.508792745577979311e+01 1.408430749895824974e+01 1.383473960940761671e+01 1.348868323929539592e+01 1.340613368604623368e+01 1.341304040965853694e+01 1.302067683288530908e+01 9.983400513012952615e+00
1.367724887968338798e+01 1.274254013719848366e+01 1.240449768953131837e+01 1.208677479331377214e+01 1.196920114188715978e+01 1.193785132836459439e+01 1.182878569631176902e+01 9.853690388109397347e+00
1.433166575270482568e+01 1.284535920972879808e+01 1.219738636678378896e+01 1.171093901702811912e+01 1.169551681725795156e+01 1.150326338148595262e+01 1.136152537546702312e+01 9.409482750841940302e+00
1.521304255351082269e+01 1.367805964461758883e+01 1.316005957522362735e+01 1.267085124372492899e+01 1.264662106174935019e+01 1.252869954420857468e+01 1.234604200380603345e+01 9.540679284588875930e+00
1.440788905807457709e+01 1.342703366842806645e+01 1.297111677077662861e+01 1.273610825013544279e+01 1.270340452174174928e+01 1.260916125263707777e+01 1.238188799529039663e+01 9.591662181193484571e+00
1.675357263710585443e+01 1.589513403909122147e+01 1.479533643689423705e+01 1.420348968279849444e+01 1.408342948833484698e+01 1.370801510129096634e+01 1.067310536210991145e+01 7.554571093739181897e+00
1.684276366402918867e+01 1.562469368304149953e+01 1.502754274620676966e+01 1.457887849520169610e+01 1.423660363018215413e+01 1.417440683312558036e+01 1.191417138689753408e+01 8.943091019007326281e+00
1.513317301101178458e+01 1.395947173818809262e+01 1.350993676658951514e+01 1.321795934241650805e+01 1.321750025222527825e+01 1.309143001609265866e+01 1.296211804237735876e+01 1.012902238473610339e+01
1.680620343525735549e+01 1.560230657640918395e+01 1.510723379126108057e+01 1.460811673265117072e+01 1.453409748760939024e+01 1.472609031239663580e+01 1.377052040876883154e+01 9.855020132555782908e+00
1.517237352172468867e+01 1.355928162992014308e+01 1.283212240750648725e+01 1.212714138319016577e+01 1.228031349071691913e+01 1.205662934306204015e+01 1.190434565282645352e+01 8.596812159513390839e+00
1.625446149978768418e+01 1.498316654335257958e+01 1.457403325613981693e+01 1.417600122204483526e+01 1.407824696677768372e+01 1.402997880112133089e+01 1.338818701098237263e+01 9.952398460758764998e+00
1.386837470562177721e+01 1.275052352761435870e+01 1.230890831617273307e+01 1.200782367463121503e+01 1.203017077011131164e+01 1.184619636404923071e+01 1.176672673699919081e+01 9.861693393912545957e+00
1.700271944069637442e+01 1.573365558335071768e+01 1.504947755697553546e+01 1.456584429058820795e+01 1.440446922020534082e+01 1.348311221865914433e+01 1.153484160390694413e+01 8.854860876801049940e+00
1.429191722644628371e+01 1.280952307866832562e+01 1.214095619726675501e+01 1.172220973627986851e+01 1.168121178549316141e+01 1.152227851207330289e+01 1.150058840971347252e+01 9.602152467677505854e+00
1.685022579790284425e+01 1.573574153251253271e+01 1.496113101937841350e+01 1.471862588888130574e+01 1.382363389006876275e+01 1.386205999160483060e+01 1.195438843663117190e+01 9.165443727349277481e+00
1.477005522724624953e+01 1.407070728516235825e+01 1.384032181298834630e+01 1.361057591354733809e+01 1.356633253221249191e+01 1.339782463824421122e+01 1.319215385428539378e+01 9.923673605358926508e+00
1.404256896887898165e+01 1.282086246325052770e+01 1.233237714533968798e+01 1.203518617260211698e+01 1.199166545093745384e+01 1.184619636404923071e+01 1.180175352310622650e+01 9.699118272458242984e+00
1.351132168330724248e+01 1.266948962617932928e+01 1.236928153633480321e+01 1.218340973568479413e+01 1.212856888983288961e+01 1.203796293134865358e+01 1.198556003803016701e+01 9.642966349054990616e+00
1.258792745577979311e+01 1.160271024807417284e+01 1.115079618808355022e+01 1.085335442388427296e+01 1.081794428517487638e+01 1.067251797833373317e+01 1.065129644109777018e+01 9.463780875075030963e+00
1.469551465440600424e+01 1.361704717811350385e+01 1.311036714627188360e+01 1.275061719038354369e+01 1.265355869688628054e+01 1.258847993772210394e+01 1.233580603111142437e+01 8.588492301141071650e+00
1.619553111864826178e+01 1.493218364674797272e+01 1.469246796106934738e+01 1.425674136006962200e+01 1.420709811325071570e+01 1.407736390087800871e+01 1.431969998467403471e+01 1.018525430129587406e+01
1.561700141686646859e+01 1.475772496747985940e+01 1.442713002910536169e+01 1.409076760600302336e+01 1.406795555129060205e+01 1.393744103468007722e+01 1.392883198252422616e+01 9.851035775039388653e+00
1.426735994878411340e+01 1.281801649516030395e+01 1.219492437886998815e+01 1.172788927602138287e+01 1.164487745370628424e+01 1.156532234079853083e+01 1.137947183703483311e+01 7.876017084143782654e+00
1.383060615996492437e+01 1.263292939740749787e+01 1.210868140712365992e+01 1.177839774124210237e+01 1.175469965249195070e+01 1.159773478370945199e+01 1.139771993388858107e+01 8.289697791757250300e+00
1.533575613828483064e+01 1.440581672569501315e+01 1.407007700679082518e+01 1.383949608882563709e+01 1.376396303963202961e+01 1.354311290966855985e+01 1.335792062732832974e+01 1.009364227946097969e+01
1.341541050338335417e+01 1.248316654335257958e+01 1.194651869084726492e+01 1.136501239971896560e+01 1.115015007612450937e+01 1.085965029263521942e+01 1.037980701276464401e+01 8.493330446617829210e+00
1.566368052398819799e+01 1.460009560311213583e+01 1.417910527685626754e+01 1.372258340557144862e+01 1.368557691242205721e+01 1.361978495908469000e+01 1.351415174783923767e+01 9.008195523668200977e+00
1.324038318813750692e+01 1.239305378289098059e+01 1.207954741834653412e+01 1.182512512583576125e+01 1.182700402574352339e+01 1.173802463865678192e+01 1.159935976292265813e+01 9.349387148673343972e+00
1.541265454779867383e+01 1.427861720057526362e+01 1.385724271969459132e+01 1.352781310315238628e+01 1.362092025781271687e+01 1.340867124398473464e+01 1.315438530862853739e+01 9.400691316534848241e+00
1.193994263923879728e+01 1.131856593257764487e+01 1.106497611613381515e+01 1.113889160192559125e+01 1.110575845077151236e+01 1.090867124398473464e+01 1.081763574240022230e+01 9.020463859905060389e+00
1.695221097547565847e+01 1.572949566943134414e+01 1.495174419256888498e+01 1.385554174349121759e+01 1.352673163621453334e+01 1.314652145617969836e+01 1.231991340104291766e+01 8.903605351049247218e+00
1.317630550582980220e+01 1.210009560311213583e+01 1.156318342042785474e+01 1.122020240416819803e+01 1.085847617092249351e+01 1.053590182055951630e+01 9.854893163190277861e+00 7.348387636641833254e+00
1.466007955863872070e+01 1.377997350712552915e+01 1.310466773053463818e+01 1.251126735820875524e+01 1.224153307527130075e+01 1.178586216475743242e+01 1.096364328261851995e+01 8.321633511848322229e+00
1.377190342034111659e+01 1.265716558688190219e+01 1.206964200160072309e+01 1.153373909370365524e+01 1.113114704806810096e+01 1.078905762192888673e+01 1.001242995508876632e+01 7.371105407569308099e+00
1.428484400139912402e+01 1.309128377914654529e+01 1.258940520996099011e+01 1.256326466316192558e+01 1.230023581489510676e+01 1.214144464424421699e+01 1.188495699108454673e+01 9.400691316534848241e+00
1.572168616169094157e+01 1.456402131455553217e+01 1.407701464192775731e+01 1.367023461731369416e+01 1.345016564852376817e+01 1.334721806285266332e+01 1.311489964067045833e+01 1.040875532936915349e+01
1.506599264501103086e+01 1.389628380278880471e+01 1.356497611613381515e+01 1.339661656940545065e+01 1.337458132957573298e+01 1.314995190517806556e+01 1.287740759476101893e+01 9.691079998372204685e+00
1.280826767753117146e+01 1.172020165476473252e+01 1.130183599426268870e+01 1.104791990379092148e+01 1.111922511897539145e+01 1.098544964949682878e+01 1.081046914077121279e+01 9.445378125959109639e+00
1.630311769921126341e+01 1.492226817870396793e+01 1.439868116474661441e+01 1.397955712204673873e+01 1.382363389006876275e+01 1.386205999160483060e+01 1.388552052234336465e+01 1.003869747467137152e+01
1.612417971467955624e+01 1.479219567869394325e+01 1.425839130979928626e+01 1.388006380428005571e+01 1.377173220483811278e+01 1.361978495908469000e+01 1.326500494424871945e+01 9.083975309340297954e+00
1.499592083601042170e+01 1.422020165476473252e+01 1.384032181298834630e+01 1.364553221103493996e+01 1.358422521917318448e+01 1.351389851385557250e+01 1.351846879609050234e+01 9.937941040687420013e+00
1.723214537408548708e+01 1.598062964981929746e+01 1.559617431404265986e+01 1.513088098026460493e+01 1.482053054045055518e+01 1.492698182228553350e+01 1.360393313756584988e+01 9.987902535516338887e+00
1.341858053834994280e+01 1.249365682983659909e+01 1.199656147465198330e+01 1.140233609716460528e+01 1.114667014941224465e+01 1.082883262665210289e+01 1.008501636638244214e+01 7.622193832637530697e+00
1.445633142142583871e+01 1.364407935131904637e+01 1.342653028769631618e+01 1.318115120036474153e+01 1.314399707153398111e+01 1.310453106439900495e+01 1.287501346765033716e+01 9.785447397893889843e+00
1.591224969706145487e+01 1.493218364674797272e+01 1.459513774454292445e+01 1.413341787379788528e+01 1.402281451939970403e+01 1.393744103468007722e+01 1.234898438014546862e+01 9.784200141921278515e+00
1.414915722525228503e+01 1.315916439425558337e+01 1.281457477375543341e+01 1.255917525642627908e+01 1.251032018700019854e+01 1.240081823809012107e+01 1.228463621714347909e+01 1.006743922901795685e+01
1.702009159058469479e+01 1.598062964981929746e+01 1.539353118642670815e+01 1.480553115452933355e+01 1.474630554978962671e+01 1.489223529849413552e+01 1.453076073832402670e+01 1.054052120565915907e+01
1.470067255581543542e+01 1.375948731058734964e+01 1.337793501452087952e+01 1.314555010257821621e+01 1.305281080405505989e+01 1.296554005663536202e+01 1.277676212795976696e+01 9.920842479361656530e+00
1.541265454779867383e+01 1.466042980240393589e+01 1.428335186206578733e+01 1.412475273439077306e+01 1.408603005533804087e+01 1.398087627485363527e+01 1.447506975154614750e+01 1.017985709280926443e+01
1.560148210848060835e+01 1.466042980240393589e+01 1.407007700679082518e+01 1.391506800311674397e+01 1.384845179815128802e+01 1.378538794218870223e+01 1.387947183703483311e+01 9.409482750841940302e+00
1.310385530331565462e+01 1.233688248811820287e+01 1.199656147465198330e+01 1.144976825201688087e+01 1.122406273114771302e+01 1.098544964949682878e+01 1.046991977322624123e+01 8.145504974876500270e+00
1.575940783867650019e+01 1.493218364674797272e+01 1.452773307605097841e+01 1.404811991592638165e+01 1.391087999270115105e+01 1.378847680971946943e+01 1.412174686955497371e+01 9.501549420731887352e+00
1.718018635927725768e+01 1.613198188683538348e+01 1.549654501040972576e+01 1.419057508119664490e+01 1.354239909718365809e+01 1.296844309634553127e+01 1.219794457396633014e+01 9.172516952396438938e+00
1.433166575270482568e+01 1.359939254189478675e+01 1.337793501452087952e+01 1.317393697977102107e+01 1.315167790541940462e+01 1.307047231911843710e+01 1.311788653720281594e+01 9.844427500197646452e+00
1.441979853256473554e+01 1.344207875265056273e+01 1.306558817300012976e+01 1.278023001338262077e+01 1.273295018718499705e+01 1.268257893856834251e+01 1.259605784667406247e+01 9.418345952753565342e+00
1.677431982008314293e+01 1.571916508526499889e+01 1.496270341097077150e+01 1.409411864633219480e+01 1.381143447852354456e+01 1.340649323682555405e+01 1.065748298891740831e+01 7.679857092809263541e+00
1.520478596463560983e+01 1.429510971320834045e+01 1.414153280094346954e+01 1.388558919129284774e+01 1.385054579340935277e+01 1.371089122536954719e+01 1.387947183703483311e+01 9.642966349054990616e+00
1.398490570870724881e+01 1.316306291264438499e+01 1.288653393639862976e+01 1.259654653967570859e+01 1.261258265641585652e+01 1.249059962781673150e+01 1.239564134716358801e+01 1.052808422883513373e+01
1.378963011949450035e+01 1.321301358889585664e+01 1.296110991464244400e+01 1.277523811399243314e+01 1.278667247676934338e+01 1.266815402463999973e+01 1.260721276881726993e+01 9.983400513012952615e+00
1.413064991001249737e+01 1.334089489501431025e+01 1.316005957522362735e+01 1.302626409018195552e+01 1.305281080405505989e+01 1.300690643908545674e+01 1.286786259961847101e+01 9.956773495038998334e+00
1.502340929676408088e+01 1.440581672569501315e+01 1.413417184932651516e+01 1.382368411706376143e+01 1.376590012525693396e+01 1.377617371824629444e+01 1.397394323925833248e+01 9.786696088318770137e+00
1.633525600092523433e+01 1.539302606696986686e+01 1.468757173538837613e+01 1.448353326097548965e+01 1.446920114188715978e+01 1.429076391667125279e+01 1.416795538379000696e+01 9.840481755559070010e+00
1.502340929676408088e+01 1.415986745547293424e+01 1.390369841348783808e+01 1.369087225205628400e+01 1.368018863235672100e+01 1.354805932462378060e+01 1.354473788888176600e+01 1.023507591771636172e+01
1.593457105131193430e+01 1.511156996354926285e+01 1.479668601594278243e+01 1.458941970620460715e+01 1.458648082154804015e+01 1.453181143497951311e+01 1.433794808152778444e+01 9.612745100035642309e+00
1.626970779531631450e+01 1.503119218973521676e+01 1.437095873433258397e+01 1.406106476321257226e+01 1.403516660034638086e+01 1.398828747226298397e+01 1.360862315006273704e+01 9.591662181193484571e+00
1.644551555306106394e+01 1.539760401980184312e+01 1.457293377634483811e+01 1.408576035867414333e+01 1.394692433858722147e+01 1.315511798727085591e+01 1.089203032899469470e+01 8.437829290455827191e+00
1.648223476958718337e+01 1.532228824967309677e+01 1.471352682487268027e+01 1.448834806356558502e+01 1.444356705597327917e+01 1.415689457920393579e+01 1.364203305395769128e+01 9.845745941409761670e+00
1.568651226682346689e+01 1.460745655472909021e+01 1.419450604861831344e+01 1.361057591354733809e+01 1.341873424764504108e+01 1.320636647492491988e+01 1.089588730003039885e+01 8.966316208432902002e+00
1.402023941671166618e+01 1.349114533690935502e+01 1.331750201763087382e+01 1.319572505951655117e+01 1.319434934942726834e+01 1.322461457177866784e+01 1.310303355310930407e+01 1.004343524017355804e+01
1.434276366402918867e+01 1.359939254189478675e+01 1.328681983198615235e+01 1.305166258646976019e+01 1.301332513609698083e+01 1.291734019573917180e+01 1.278333572748397984e+01 1.005297324767484568e+01
1.508056650416284050e+01 1.426237146798296962e+01 1.393377613204167531e+01 1.364998195580740692e+01 1.360743267809595203e+01 1.358846347347984462e+01 1.339203032899469470e+01 1.007230437325157268e+01
1.435773957325215733e+01 1.336414495270921599e+01 1.305739389859703792e+01 1.275061719038354369e+01 1.273295018718499705e+01 1.264094116642742094e+01 1.253842647724280290e+01 1.034215122119162444e+01
1.505161182278830267e+01 1.446247668728487312e+01 1.408399689238818198e+01 1.399783081351169578e+01 1.395612554793314075e+01 1.409773478370945199e+01 1.336540849290172872e+01 9.383319166646529652e+00
1.524671149026034023e+01 1.393534327399764017e+01 1.326354128811919253e+01 1.271234939827358446e+01 1.262607023613262314e+01 1.251904849217547877e+01 1.254900191349705985e+01 8.225542815954408837e+00
1.469038114032835551e+01 1.389245404148193686e+01 1.355202483487436638e+01 1.337045298521003645e+01 1.336381805724454530e+01 1.325257498915995313e+01 1.336540849290172872e+01 9.791705260778400088e+00
1.337807492085254424e+01 1.231878646580840453e+01 1.195634442491834903e+01 1.165095842015102434e+01 1.164487745370628424e+01 1.156532234079853083e+01 1.144153079634741133e+01 9.550686140723062323e+00
1.534507581958293798e+01 1.462984366136140579e+01 1.430031683542401844e+01 1.413167930464375743e+01 1.406284619501563782e+01 1.392334036629834770e+01 1.367151186578158573e+01 1.017806396902471988e+01
1.690788905807457709e+01 1.566306291264438499e+01 1.519909368000721805e+01 1.493948822471091553e+01 1.482566405452820213e+01 1.458847139656937131e+01 1.429289032119460146e+01 9.790450799397069304e+00
1.399565565993905913e+01 1.331363648748849826e+01 1.304387272503739759e+01 1.287971637235011890e+01 1.285151181200534332e+01 1.269493613171266588e+01 1.272139887762491206e+01 9.920842479361656530e+00
1.688445499288753382e+01 1.618120215391634531e+01 1.482265199595077831e+01 1.408909595639680745e+01 1.375241254554016912e+01 1.319377287319588632e+01 9.781862943082002104e+00 7.422257119567983175e+00
1.589969769362382834e+01 1.450196235524295219e+01 1.399010937627972595e+01 1.369087225205628400e+01 1.371108195580467992e+01 1.386205999160483060e+01 1.237885521062359828e+01 9.856351507590495942e+00
1.672651239020304814e+01 1.569275672883310691e+01 1.481988930691624695e+01 1.458150421886294268e+01 1.451074742197403289e+01 1.461463498076478373e+01 1.440434565282645352e+01 1.037816918832662338e+01
1.536395866430905244e+01 1.397174007442495203e+01 1.346149440323825175e+01 1.300759767846857073e+01 1.290281597986684581e+01 1.277949019845849321e+01 1.280329875328743761e+01 1.030728984027446238e+01
1.688059802185183145e+01 1.577399059873698306e+01 1.498656670573634742e+01 1.431274016791597958e+01 1.423361673364979474e+01 1.317779282047296441e+01 1.066682941281591290e+01 7.886820518600389462e+00
1.697717152774215776e+01 1.581813229600240511e+01 1.506839030478783492e+01 1.389952694629671370e+01 1.435666179032524958e+01 1.337856969844445132e+01 1.062088167346018253e+01 7.960953328025155429e+00
1.703774622680341011e+01 1.582491110806312307e+01 1.516065652608983250e+01 1.440478867484821279e+01 1.427930662537448470e+01 1.352354956588866841e+01 1.126507811063314435e+01 9.064528767906253393e+00
1.520478596463560983e+01 1.439969988582729599e+01 1.409809756076991327e+01 1.391934536730196825e+01 1.387599390067293648e+01 1.380719686320084350e+01 1.365177066366650038e+01 9.912393127733205134e+00
1.727558061425904157e+01 1.582945394399924588e+01 1.504607399241790944e+01 1.431068967400197245e+01 1.395843808598472613e+01 1.367687059756975998e+01 1.114203305395769128e+01 7.662057740001894324e+00
1.522974651690211090e+01 1.410736008903448280e+01 1.352239276788686340e+01 1.303888907202356151e+01 1.298462559188840615e+01 1.269606651828510735e+01 1.228880945561168758e+01 9.427282103649311296e+00
1.518845879673821564e+01 1.450196235524295219e+01 1.423399171657639428e+01 1.399323347620625668e+01 1.392425678866140437e+01 1.381034849445520507e+01 1.409199881130570375e+01 9.897071387577303980e+00
1.543276134843720904e+01 1.466042980240393589e+01 1.438012111954859762e+01 1.413865034756249273e+01 1.409124995099220179e+01 1.399574960613663777e+01 1.389771993388858107e+01 9.324616427022721865e+00
1.646110055087000390e+01 1.511864318859642253e+01 1.448636669360088547e+01 1.403373909370365524e+01 1.400092883807753275e+01 1.372538725117928671e+01 1.243001284549280605e+01 9.409482750841940302e+00
1.542266140393286022e+01 1.444325961561914617e+01 1.425019703539619442e+01 1.389114284127774468e+01 1.382363389006876275e+01 1.366025186181787809e+01 1.396738287969295911e+01 1.076480876597087999e+01
1.660048863150904808e+01 1.547360491800028015e+01 1.496270341097077150e+01 1.464650534468967535e+01 1.459061696447307099e+01 1.371377498856487698e+01 1.150735314315328495e+01 8.813296520843591608e+00
1.549541735819362742e+01 1.453600076057644586e+01 1.411238376958098684e+01 1.365893653196521029e+01 1.364840871856637428e+01 1.354311290966855985e+01 1.217260535610257222e+01 8.683717425161422199e+00
1.342494851088464181e+01 1.259756026975426657e+01 1.221603140777054186e+01 1.201769407174369597e+01 1.189750934890631129e+01 1.183590494856215081e+01 1.174117882404497593e+01 9.959700009492115313e+00
1.493650403111604952e+01 1.406173420760374881e+01 1.370871585071361309e+01 1.342342623288488213e+01 1.342014337984122996e+01 1.345772721908279479e+01 1.342724648219120809e+01 1.014280969641436059e+01
1.530826767753117146e+01 1.425167447303478241e+01 1.393989297190939425e+01 1.359987891859915088e+01 1.352362509273679336e+01 1.359620954346829080e+01 1.320180490631848791e+01 9.650654953196406538e+00
1.710663208680051284e+01 1.547524624288542938e+01 1.488235410341247089e+01 1.409748006141577470e+01 1.379338858601059137e+01 1.369374766596247284e+01 1.264138211266473277e+01 9.879238301063612226e+00
1.460190120260625157e+01 1.393534327399764017e+01 1.379108604303087837e+01 1.350807190103730093e+01 1.347806304247129461e+01 1.338069235054724793e+01 1.336540849290172872e+01 1.020895729247268235e+01
1.419037259917562466e+01 1.326322999326619012e+01 1.299397521937630273e+01 1.267993695536266507e+01 1.269614204513323230e+01 1.265174460088402952e+01 1.228602551509984764e+01 9.795477364878653503e+00
