24
110
143
158
198
205
214
237
264
268
276
277
281
282
284
285
298
302
304
310
320
349
357
389
390
506
515
524
541
554
564
618
622
624
647
654
655
666
672
680
691
708
713
722
723
727
731
733
735
737
746
749
753
756
765
767
768
770
775
780
783
785
786
791
838
842
858
875
912
928
959
975
1076
1100
1190
1222
1309
1327
1351
1355
1369
1401
1512
1515
1523
1525
1527
1531
1532
1533
1537
1542
1543
1545
1546
1549
1550
1557
1558
1567
1568
1575
1576
1577
1578
1579
1628
1648
1650
1652
1656
1657
1658
1665
1666
1667
1669
1670
1671
1674
1675
1679
1691
1692
1695
1704
1705
1706
1707
1710
1712
1714
1715
1716
1719
1721
1722
1724
1728
1730
1731
1733
1794
1804
1824
1830
1834
1835
1837
1867
1875
1884
1885
1888
1910
1912
1921
1927
1931
1938
1940
1941
1944
1951
1957
1970
1972
1977
1983
1985
1986
1989
1992
1994
2002
2003
2008
2009
2010
2014
2022
2024
2026
2027
2028
2038
2040
2042
2044
2046
2048
2051
2055
2056
2058
2060
2061
2064
2065
2067
2068
2071
2073
2075
2076
2086
2088
2089
2090
2091
2092
2094
2097
2099
2100
2104
2105
2108
2109
2112
2115
2116
2117
2119
2120
2121
2122
2124
2125
2127
2128
2129
2130
2131
2133
2135
2138
2139
2140
2141
2142
2143
2146
2150
2152
2154
2155
2160
2161
2163
2167
2183
2184
2190
2193
2194
2213
2215
2228
2244
2308
2315
2319
2333
2341
2342
2375
2464
2466
2484
2500
2527
2552
2557
2570
2577
2582
2586
2603
2619
2624
2650
2701
2737
2788
2822
2893
2910
2915
2943
2945
2947
2977
2981
3010
3015
3017
3018
3032
3035
3040
3044
3059
3068
3084
3085
3088
3109
3124
3126
3136
3143
3151
3156
3164
3170
3176
3186
3201
3202
3209
3211
3225
3226
3239
3242
3244
3248
3249
3253
3256
3263
3269
3271
3273
3296
3297
3298
3312
3320
3321
3327
3349
3351
3352
3353
3354
3355
3357
3362
3363
3365
3370
3372
3374
3377
3381
3383
3384
3386
3388
3391
3392
3397
3399
3400
3402
3403
3404
3406
3477
3478
3519
3545
3572
3598
3621
3629
3634
3636
3673
3676
3685
3686
3702
3708
3741
3744
3760
3781
3815
3821
3841
3842
3862
3870
3873
3874
3890
3892
3899
3918
3923
3932
3935
3939
3940
3942
3950
3951
3957
3958
3964
3967
3968
3969
3982
3987
3996
4003
4008
4017
4021
4022
4024
4027
4031
4033
4042
4043
4046
4049
4054
4056
4067
4099
4101
4109
4121
4129
4130
4131
4140
4145
4146
4148
4152
4154
4155
4175
4177
4187
4192
4212
4214
4244
4267
4279
4284
4336
4399
4400
4416
4427
4464
4474
4483
4545
4547
4567
4748
4785
5034
5035
