6.788374853957267696e+00 5.674843167863920179e+00 5.177785059843231785e+00 5.100779434724321604e+00 5.188927824539510958e+00 4.802046884880938116e+00 4.671353786851867973e+00 3.437829290455827635e+00
1.648223476958718337e+01 1.498316654335257958e+01 1.421802471992289263e+01 1.332820110886453513e+01 1.347065184506194768e+01 1.269380692078949657e+01 9.745100964265207111e+00 6.792444111549419183e+00
1.125230083001041592e+01 1.026260976972840133e+01 9.758213634296939887e+00 8.964560527209009422e+00 8.569563892349954415e+00 8.195563040468313076e+00 7.627965960611868823e+00 5.363193279103653843e+00
1.003741899055907716e+01 8.896283802788804707e+00 8.396369009192865107e+00 7.454210297118671669e+00 7.132868840818574974e+00 6.614311230956984033e+00 5.714807890533006862e+00 3.176248594518878754e+00
7.873524683941685254e+00 6.863705334075688391e+00 6.549526181174098127e+00 6.359590484807242206e+00 6.513033045992079551e+00 6.179665286898511134e+00 5.768435393247087539e+00 3.605196264532360306e+00
1.555848854105441781e+01 1.430066336319323561e+01 1.370871585071361309e+01 1.326384234736870837e+01 1.317956172360107203e+01 1.256818521216665374e+01 1.077532897961005887e+01 8.159371526126166785e+00
1.031735338916890576e+01 9.323166473480210215e+00 8.851573066055035355e+00 8.279577930112928641e+00 7.885443829978528107e+00 7.302046884880938116e+00 6.385520522343365535e+00 3.261737374375966336e+00
1.288317573597477939e+01 1.186370533407568928e+01 1.140964766785122464e+01 1.084490507225582334e+01 1.065498639819209359e+01 1.040082677924285370e+01 9.912691088317814092e+00 7.487902535516338887e+00
1.579140494314665588e+01 1.439361731414979673e+01 1.407701464192775731e+01 1.368740528943580337e+01 1.354082213800337087e+01 1.352354956588866841e+01 1.343522987260708490e+01 1.066777726776104984e+01
1.229232752013079910e+01 1.119068462645919304e+01 1.061322811289372936e+01 9.995756577205542115e+00 9.685842088493419766e+00 9.356586263477126408e+00 8.571658347422753010e+00 5.558175841877876167e+00
1.407404178714903509e+01 1.334089489501431025e+01 1.312185652549475634e+01 1.293598472484474371e+01 1.303288847987687227e+01 1.320817754491075036e+01 1.303167172385453298e+01 7.186513277844620795e+00
1.018038637141271963e+01 9.300663363193233835e+00 8.921644875055644519e+00 8.460234374936648649e+00 8.293829924110397656e+00 7.934108655756636708e+00 7.052964706522113048e+00 3.648116327374895107e+00
1.178837485395726858e+01 1.055887133623562590e+01 9.928626153721769043e+00 8.881442517106282963e+00 8.458898158370995901e+00 8.017499071443593195e+00 7.411130000766692483e+00 4.998480424937734590e+00
1.172985826713370372e+01 1.058399693162850319e+01 9.925580608373472558e+00 8.866372119627122572e+00 8.349190648922309776e+00 8.014462045114390421e+00 7.291600552790812095e+00 4.826135482864744475e+00
9.051062385370961749e+00 8.157220371883472154e+00 7.596501550286992810e+00 7.113518416453489479e+00 6.669901931093047409e+00 6.392267893241076138e+00 5.884357249675503887e+00 3.617895078355548133e+00
1.463060074681482625e+01 1.377310173605515153e+01 1.353499332948567435e+01 1.287424665697967718e+01 1.234644432913014001e+01 1.169670199444685821e+01 1.050979216824264206e+01 6.490049092267474506e+00
1.318907902027600265e+01 1.217605217559643904e+01 1.160521716795197733e+01 1.097911721966276488e+01 1.065167790541940462e+01 1.032947537527414639e+01 9.658916810027841748e+00 6.874736227050544102e+00
1.169037259917562466e+01 1.062093029554820767e+01 1.001922288783445225e+01 9.237421700771678346e+00 8.742880120789873644e+00 8.211808773060605304e+00 7.247781795762416657e+00 5.205276827237296899e+00
9.886287626745717816e+00 8.759487310587349640e+00 7.948729664144313922e+00 6.790394948446524026e+00 6.279557364510688799e+00 5.904319590043982657e+00 5.209013919705133056e+00 2.593642279460977917e+00
1.364158280471590956e+01 1.280530115680371672e+01 1.229533643689423705e+01 1.172788927602138287e+01 1.140645743585403338e+01 1.113579118810751822e+01 1.052616036072694605e+01 7.873869237340938021e+00
1.052152850529720673e+01 9.652702109961079913e+00 9.119597990174707292e+00 8.361870045614052671e+00 8.013325136096980827e+00 7.687056207613045089e+00 6.934093711075723476e+00 4.491983401099254536e+00
1.112994980552186775e+01 1.077399059873698306e+01 1.057108558324997460e+01 1.047120087804125887e+01 1.039409516025229152e+01 1.034104638572932444e+01 1.026805878512498182e+01 9.482500928556406805e+00
1.467512464286122054e+01 1.356492183068070290e+01 1.251096629895923940e+01 1.212988660893779524e+01 1.203409748760939024e+01 1.019833082818766812e+01 7.941583412230538208e+00 4.491983401099254536e+00
9.190372599175622881e+00 8.414653417929933710e+00 7.981216715280980090e+00 7.605028896919057146e+00 7.255913897494028930e+00 6.742714651153668193e+00 5.884357249675503887e+00 2.924377702561655745e+00
1.089347569261459192e+01 9.883487763258347769e+00 9.291801213694238726e+00 8.667965575307585269e+00 8.358476170922493509e+00 7.860609729509216770e+00 7.017653099793097482e+00 4.077454351571478064e+00
1.598569336033967936e+01 1.458552174396032619e+01 1.356064183411131552e+01 1.277523811399243314e+01 1.251032018700019854e+01 1.128538794218870045e+01 8.980543479673853469e+00 5.261838376300032039e+00
1.345407581905098304e+01 1.276938294331455026e+01 1.263269610870855075e+01 1.251910664284089947e+01 1.257309698845777746e+01 1.247203958261871470e+01 1.243478532001113379e+01 9.045424412171563233e+00
8.724596538582204630e+00 7.657165586881903074e+00 7.245257201252054635e+00 7.116229369684039519e+00 7.074166101194766298e+00 6.883004506100997233e+00 6.652333010597502927e+00 5.395541338214941973e+00
1.215016409059471769e+01 1.140785481324398276e+01 1.122872998802489697e+01 1.108928628624101620e+01 1.114320134069564361e+01 1.107313517835109806e+01 1.093522987260708490e+01 7.331330402846089278e+00
1.398490570870724881e+01 1.309311315818887422e+01 1.267970501826531304e+01 1.242857621120478839e+01 1.236229477420768674e+01 1.228642451168843408e+01 1.171621827177847308e+01 8.679202923003265013e+00
1.404822385772867577e+01 1.313036333668105371e+01 1.284995831093512919e+01 1.267993695536266507e+01 1.263287738197130494e+01 1.260916125263707777e+01 1.253317713806605127e+01 7.967950578053233812e+00
1.219551465440600069e+01 1.064179224436726301e+01 9.706047556227900941e+00 8.610575913547339866e+00 8.093786844525483914e+00 7.651744600884029524e+00 7.081373867949777079e+00 4.292444111549419183e+00
1.117523639309281336e+01 1.016207842876998058e+01 9.408081536929881139e+00 8.508071901037300933e+00 7.938417077653372900e+00 7.712016759879547934e+00 7.219957868852913130e+00 4.634245529440436329e+00
1.164295300148567414e+01 1.095477756647374967e+01 1.048121671528097920e+01 9.680525972489462561e+00 9.189772167852254370e+00 8.767037034274343554e+00 8.004390484440325082e+00 5.670593705669184637e+00
1.468018635927725590e+01 1.376627318395657618e+01 1.311322811289372936e+01 1.211081421529277158e+01 1.137171091206263540e+01 1.055147936474213566e+01 9.347188445427693892e+00 5.818397335965825867e+00
1.035447619176620471e+01 9.317496819840656030e+00 8.723691759936581747e+00 7.953450026996410571e+00 7.667568390681276824e+00 7.392235298494136408e+00 6.792890321194603231e+00 3.605196264532360306e+00
1.105542751229985576e+01 1.012457294776378447e+01 9.847837727941456620e+00 9.654911086324558411e+00 9.654627809623271162e+00 9.562923483615156428e+00 9.424086854941538860e+00 7.165079867124749313e+00
1.324038318813750692e+01 1.256555730684245198e+01 1.213047716059446302e+01 1.151485624897754079e+01 1.116949163740853024e+01 1.077162348133543190e+01 9.954087805373539766e+00 7.620493384044435103e+00
8.865975287618153899e+00 7.712469662850406138e+00 7.109817708854544449e+00 6.867459385364126589e+00 7.003074342654840301e+00 6.631144687604405341e+00 6.467382879692959996e+00 5.035550411004940052e+00
1.101132168330724248e+01 1.028305738357597932e+01 1.000932248909981048e+01 9.560674108414774608e+00 9.380302392811351808e+00 9.061337983282140129e+00 8.339423822145752396e+00 5.941442392641279824e+00
1.214524010843745572e+01 1.145136919159351052e+01 1.106932777007456892e+01 1.059091033699404960e+01 1.018892782453951185e+01 9.883719676764359363e+00 9.121746869554973713e+00 6.583975309340298843e+00
1.012549993169259110e+01 9.346145875258283553e+00 8.958453017107411043e+00 8.058106143689286682e+00 8.003674084063884919e+00 7.302046884880938116e+00 6.422537841971108996e+00 3.679202923003265013e+00
1.521304255351082269e+01 1.420480088300268662e+01 1.313346878810916607e+01 1.197635085636116514e+01 1.131548573771936361e+01 1.074692500483270585e+01 1.010908311588575614e+01 7.392929985716547137e+00
1.124156151194043574e+01 1.055179811118846622e+01 1.021684453105206813e+01 1.000736883981995184e+01 9.632868840818574085e+00 9.214873735858770232e+00 8.492820291464862947e+00 5.898859044394328954e+00
9.528883024891785070e+00 8.653241736535060014e+00 8.014705896033678556e+00 7.192107268482226701e+00 6.440074245172149325e+00 6.070601370422218146e+00 4.915820013263580535e+00 1.936292414321374000e+00
1.192781138225276649e+01 1.120990169812491999e+01 1.074397794433929931e+01 1.017993695536266507e+01 9.736781486922714279e+00 9.393754457332807561e+00 8.706946961548865715e+00 6.088492301141071650e+00
1.098232150606206403e+01 1.035267059227208897e+01 9.907484586063674215e+00 9.308643045300271979e+00 8.880293851658620952e+00 8.432922197847442902e+00 7.541940189709993803e+00 4.349387148673343972e+00
1.040273907975467083e+01 9.724315063584905161e+00 9.389361483448505297e+00 8.866372119627122572e+00 8.775637734965744841e+00 8.604011274317173275e+00 8.224663354918162028e+00 6.179202923003265013e+00
1.138288364586987811e+01 1.062281035871020229e+01 1.023085422484706442e+01 9.855116766991764976e+00 9.514604393009735261e+00 8.958941464084873019e+00 8.195361349098961412e+00 4.860355456337497770e+00
1.166482468622140800e+01 1.099909948387482928e+01 1.065409397667272273e+01 1.010502889691905715e+01 9.755913897494028930e+00 9.399169611724076390e+00 8.696704091196252762e+00 5.433406745904028057e+00
9.886287626745717816e+00 9.044007508450365052e+00 8.660237431964189270e+00 8.344905072255823342e+00 7.078255507930415469e+00 7.101474380783891149e+00 6.118064393943377866e+00 4.110457993083858952e+00
1.517237352172468867e+01 1.424108184067664595e+01 1.382918595942271978e+01 1.275061719038354369e+01 1.237838004922121193e+01 1.203181143497951311e+01 1.130375982727366235e+01 9.357771253692312996e+00
1.164915722525228503e+01 1.065916439425558337e+01 1.014938580683808311e+01 9.174193167997096054e+00 8.361143828787264809e+00 8.006906439085456739e+00 7.347512195235493593e+00 5.029283517965151162e+00
1.124799234735357878e+01 1.062469368304149953e+01 1.031023182314579500e+01 1.006326466316192558e+01 9.872991769155875730e+00 9.778696819245579874e+00 9.603473171742830772e+00 7.060786085227412023e+00
1.144551555306106394e+01 1.016577770391510072e+01 9.549022703357303854e+00 9.017980671866807185e+00 8.392302464546331109e+00 7.927090297738558000e+00 6.758143797403205255e+00 3.931662111321116981e+00
1.546363744440328247e+01 1.426237146798296962e+01 1.330375833785282857e+01 1.250348426964839632e+01 1.198788897337435699e+01 1.177612455504862154e+01 1.142253784197110988e+01 6.072041437862768731e+00
1.096727642183956419e+01 1.022023419800198951e+01 9.746545909064785462e+00 9.010186408639741629e+00 8.558295958104775281e+00 8.228301285693683909e+00 7.397180307314600967e+00 4.051755253460051165e+00
1.132597614781094109e+01 1.028305738357597932e+01 9.799390217103500333e+00 9.229789077389325413e+00 8.963077991357154772e+00 8.550541008457974712e+00 7.872624608150316838e+00 5.285314668315206355e+00
1.100442809694427204e+01 1.028581306070186940e+01 9.962703410970771500e+00 9.402556944967360053e+00 9.186911201230408608e+00 8.944560641862144834e+00 8.531523897727558037e+00 4.400691316534848241e+00
1.246251093211546745e+01 1.172538417632189578e+01 1.125946042253627510e+01 1.065257754591278783e+01 1.019614204513323230e+01 9.718778929853344906e+00 8.738268447153711094e+00 5.261838376300032039e+00
1.390253551638998530e+01 1.329363259340645520e+01 1.283433593774262427e+01 1.214650534468967535e+01 1.171880427737478314e+01 1.121089122536954719e+01 1.043145992439126957e+01 7.803261129883014569e+00
1.160944936631731927e+01 1.068475863590792230e+01 1.029303168197201401e+01 9.495610540174103775e+00 9.307672900166796381e+00 8.937441034680078999e+00 8.488603834885022792e+00 5.570964402036251428e+00
1.041265454779867383e+01 9.699915470362014958e+00 9.317551105293768288e+00 8.669099503561836784e+00 8.125566758315827087e+00 7.682578938568342508e+00 6.810689674001972449e+00 3.283421842463251750e+00
1.133292859123495333e+01 1.064947890447116308e+01 1.044627046444118079e+01 1.025549691187734780e+01 9.974325635248593613e+00 9.726090312396635795e+00 9.284098886887509394e+00 7.081272281765590648e+00
1.067503638095734964e+01 9.846044873334216518e+00 9.427130029105359910e+00 9.085760358674143333e+00 8.664182403333892779e+00 8.263963934896350949e+00 7.660840271531351497e+00 4.730692794274315105e+00
1.045324754497538855e+01 9.351967531054739879e+00 8.684206091978502684e+00 7.805539695682066181e+00 7.120019741687546144e+00 6.710302208242748812e+00 5.817635742400221410e+00 3.258674646802700359e+00
1.220067255581543542e+01 1.114712489666734285e+01 1.052258309773107214e+01 1.003495708791844798e+01 9.685842088493419766e+00 9.346196364049230709e+00 8.832258476633898070e+00 6.179202923003265013e+00
1.586590968204448338e+01 1.502901199582039027e+01 1.391562970064094884e+01 1.293022483757083307e+01 1.202625820297724424e+01 1.172407494520468774e+01 1.108537309236783130e+01 6.866220605320765280e+00
1.194401670107256663e+01 1.126968209163844925e+01 1.091134491841583198e+01 1.041879592988462555e+01 1.025564933181479432e+01 1.000000000000000000e+01 9.424086854941538860e+00 5.815170777262089530e+00
1.421653618337103531e+01 1.335245769018424866e+01 1.304387272503739759e+01 1.284199469536456029e+01 1.283493536475780950e+01 1.285666875892182937e+01 1.146086192192413833e+01 8.385027822894425498e+00
1.109204940575270015e+01 1.020732398400197027e+01 9.780600740929257242e+00 9.177812292030667507e+00 8.880293851658620952e+00 8.578220603127231669e+00 7.887037247284789387e+00 5.170920941913518476e+00
1.492373051666984907e+01 1.429510971320834045e+01 1.425019703539619442e+01 1.407746592410449260e+01 1.401791276748588544e+01 1.424742501084004687e+01 1.416011609915786096e+01 8.493330446617829210e+00
1.370582253413534168e+01 1.303604984823934210e+01 1.234925421373239907e+01 1.096023437493664865e+01 1.049410806443125388e+01 1.006818521216665552e+01 9.301753523106228272e+00 6.234656823590716712e+00
1.219551465440600069e+01 1.150939944051464181e+01 1.120376943575839590e+01 1.062473663061788898e+01 1.034319195363302413e+01 1.004826288798846612e+01 9.241178824044975926e+00 6.328697292605637514e+00
1.054377797661150140e+01 9.766240589209637335e+00 9.538325708409114867e+00 8.732159972220181032e+00 8.444382752270682246e+00 8.042106044326125414e+00 7.332899105131945205e+00 4.718891197592854247e+00
7.772666579744646143e+00 6.635685248616722376e+00 6.109298033534894756e+00 5.811750245586231323e+00 5.966229288214830007e+00 5.564104346583738092e+00 5.411491799187793994e+00 4.473100556373140080e+00
9.103467333527593297e+00 7.778936937625795522e+00 7.191241833096282399e+00 6.716559751952622115e+00 6.823758175180321572e+00 6.378738295056272101e+00 5.568194108251072194e+00 3.563908544368463716e+00
8.157422661103687744e+00 7.064021314555533060e+00 6.118383745172629951e+00 5.771681632000853490e+00 4.883795203612481650e+00 4.588471396569372196e+00 3.993865563436520549e+00 2.404009022714234778e+00
1.182432966935720309e+01 1.110524558143204210e+01 1.078011773536672280e+01 1.029028319821493120e+01 1.007309698845777746e+01 9.771023739926388174e+00 8.987184088783203961e+00 6.183717425161421311e+00
1.072965978042723023e+01 9.932183646747970940e+00 9.616660606745679019e+00 9.194249318898584988e+00 8.815485737719363613e+00 8.334926578317599422e+00 7.403358054876450822e+00 4.482500928556406805e+00
9.456331421425838712e+00 8.684353785170703333e+00 8.349076539446945944e+00 8.001446182099428484e+00 7.763322411133985135e+00 7.286424511688434080e+00 6.196704091196253650e+00 2.707115500335075531e+00
1.048472036324543843e+01 9.369622167273455204e+00 8.958453017107411043e+00 8.655569905377031859e+00 8.667719006476398036e+00 8.424040870576607887e+00 8.179417799686172330e+00 7.401228646790816157e+00
1.126751660142474165e+01 1.032228824967309677e+01 9.905990110666314408e+00 9.278397741242102370e+00 8.965405401047433998e+00 8.563035233846749250e+00 7.752993819083298987e+00 4.581272281765590648e+00
1.202447840950106972e+01 1.094207875265056273e+01 1.032550876550479124e+01 9.605425935227433598e+00 9.248634071326636175e+00 8.992012128419261785e+00 8.467763728568703741e+00 4.856351507590494165e+00
1.543276134843720904e+01 1.384752061395218448e+01 1.272884173825648801e+01 1.123336300414909061e+01 1.064509101238698641e+01 1.021777054231588622e+01 9.328785696311770792e+00 5.153266305694801375e+00
1.229796772089136070e+01 1.069476549204210869e+01 9.702327154398808773e+00 8.818464221409598736e+00 8.363818057244543525e+00 8.190201369301840728e+00 7.490392398121347384e+00 3.803149379651422635e+00
8.191651856088377315e+00 7.773467222255357356e+00 7.662546406818976585e+00 7.613578045064400612e+00 7.547549075503562577e+00 7.568185212166654630e+00 7.549001913497059846e+00 3.445067558629362203e+00
1.211138367514909930e+01 1.139245404148193686e+01 1.102657672761077912e+01 1.060431465792431993e+01 1.011258265641585830e+01 9.641444644244216988e+00 8.809400028034223951e+00 6.020235021256441499e+00
1.137802575765487489e+01 1.026802492411967194e+01 9.936277603321661545e+00 1.022654223050281175e+01 1.019614204513323230e+01 1.010916125263707777e+01 1.014718303227759577e+01 8.448704869249798577e+00
1.194401670107256663e+01 1.113801377015373184e+01 1.059335787613452240e+01 1.001126735820875524e+01 9.491665450937453841e+00 9.077363900878008707e+00 8.201804906318487909e+00 4.491983401099254536e+00
8.982234769587183365e+00 8.051798111188466223e+00 7.596501550286992810e+00 6.699784094884909891e+00 6.433267099333466632e+00 5.985449649496827007e+00 5.337408454953803449e+00 2.757974542312070731e+00
1.301713280615635959e+01 1.159346988417426338e+01 1.079018645857433256e+01 9.903533409310979252e+00 9.366730513532857572e+00 8.878738295056272989e+00 7.781140102459175978e+00 4.591662181193484571e+00
1.197297138244710446e+01 1.112897846526661461e+01 1.073432689230620518e+01 1.003097273040205550e+01 9.586480821548040154e+00 9.089540509306361926e+00 8.157482988917408306e+00 5.181653182887606235e+00
1.126314743575093935e+01 9.993656829836599087e+00 9.156406132226472039e+00 8.181151200364741527e+00 7.696142045133232301e+00 7.182942798792871564e+00 6.254274676176539316e+00 3.493330446617828322e+00
9.797967720891358923e+00 9.039620689533990117e+00 8.674555039945406776e+00 7.879716372350117126e+00 7.560247889326749515e+00 7.197135631022097968e+00 6.699891103881078003e+00 4.357771253692313884e+00
1.128963011949450035e+01 1.005323835235318874e+01 9.408081536929881139e+00 8.670234617313694159e+00 8.287572061225889186e+00 7.909052092860477501e+00 7.103473171742830772e+00 3.456016251793089911e+00
1.296363744440328247e+01 1.169971545822655301e+01 1.096149440323825175e+01 1.011357804506440061e+01 9.672354508776653148e+00 9.320648451095015830e+00 7.980410059710260740e+00 4.530763816544872924e+00
1.088574800017173771e+01 9.864604918532233313e+00 9.456344424918347258e+00 8.823684117063759658e+00 8.382724389282152799e+00 7.804195159762362444e+00 6.985560038030167007e+00 4.658398392471432281e+00
1.070330566605588629e+01 9.846044873334216518e+00 9.517242789566958905e+00 9.054573047581465417e+00 8.986579692597809199e+00 8.810348494455203294e+00 8.179417799686172330e+00 5.417654856284702447e+00
1.232082616949103482e+01 1.078485891976620081e+01 9.538325708409114867e+00 8.745467212063637419e+00 7.566653431238250960e+00 6.954860598501956481e+00 6.009851796853553196e+00 2.922132125329404584e+00
1.205117818621306292e+01 1.113198188683538525e+01 1.079356355680172896e+01 1.042449534562187452e+01 1.020340452174174928e+01 1.000948247254284773e+01 9.424086854941538860e+00 4.591662181193484571e+00
1.201137077097014050e+01 1.054477066785389638e+01 9.589544037143030053e+00 8.256059258808349455e+00 7.480242468446361315e+00 7.013563338125764268e+00 6.014151747839237672e+00 3.204973449918717243e+00
1.111653365346900557e+01 9.983166543352579581e+00 9.343926561127039676e+00 8.710730272511822747e+00 8.269012016027870615e+00 7.975734837686461631e+00 7.218650540332820498e+00 3.860170110875689176e+00
1.204668237769915606e+01 1.111113034491573615e+01 1.058774682382839316e+01 9.838335347834096467e+00 9.484125585881065135e+00 9.077363900878008707e+00 8.004390484440325082e+00 4.540679284588876818e+00
8.825976147810939310e+00 7.917667946354506547e+00 7.027733076050979300e+00 6.174786977042758807e+00 5.769012016027871503e+00 5.461199999404922956e+00 4.805664689920645216e+00 1.084356158216041255e+00
1.474823064909901227e+01 1.370025064609182408e+01 1.324075138563556209e+01 1.303255823073507358e+01 1.288544382997852722e+01 1.255817835603247090e+01 1.089203032899469470e+01 8.083905392006041524e+00
1.667115552750989593e+01 1.539302606696986686e+01 1.446625989296235026e+01 1.340547977131707569e+01 1.281053577153491929e+01 1.213467991080440456e+01 1.119670409119625454e+01 8.567967376028997606e+00
1.171323104777529878e+01 1.096504465201035927e+01 1.063055405829219069e+01 9.917772776748183361e+00 9.514604393009735261e+00 9.057368193833060133e+00 8.188955807187459968e+00 5.602285887641097695e+00
1.424334584685046856e+01 1.323574153251253271e+01 1.262718940440325355e+01 1.189367561769652326e+01 1.157566495318326361e+01 1.117408308331778066e+01 1.045437197238891436e+01 8.045536162403156055e+00
1.087502080855809439e+01 1.000424946219473554e+01 9.690017088234593956e+00 9.500479320551615814e+00 9.155928299282766858e+00 8.785387942188702226e+00 8.237944697345911393e+00 6.800398258514892547e+00
1.294295612948830865e+01 1.175700979681649727e+01 1.090758153092254190e+01 1.007562611970458200e+01 9.356661790325247807e+00 8.984575549998755406e+00 8.265004944248719454e+00 5.491605897297676897e+00
1.136358116050747391e+01 1.007007180900060916e+01 9.186778356175459237e+00 8.233039254341289137e+00 7.794568774881417639e+00 7.333982604972010044e+00 6.298148774967532226e+00 3.351201529270588786e+00
1.329140494314665588e+01 1.251494645714292275e+01 1.212124661654075197e+01 1.174510836087558019e+01 1.136319529033285747e+01 1.097149995604473460e+01 1.020491679708942456e+01 8.176248594518879642e+00
1.198138798432199792e+01 1.101248727624675539e+01 1.056284987090612049e+01 1.026039866379116816e+01 9.956766176431186111e+00 9.582027839349844811e+00 8.849723778785563155e+00 6.239408411939301402e+00
1.361653365346900557e+01 1.288998478709682871e+01 1.247536520117271230e+01 1.203266998096666285e+01 1.169264069317937071e+01 1.130719686320084350e+01 1.062088167346018253e+01 8.395384685574315498e+00
1.302704827420036438e+01 1.204293839571337621e+01 1.159809756076991327e+01 1.094167432973863185e+01 1.065167790541940462e+01 1.016705231353100203e+01 9.175851681902081225e+00 6.313296520843591608e+00
1.286395866430905244e+01 1.119386394411828434e+01 1.023287044864793671e+01 9.335554948640861994e+00 8.844275884523623787e+00 8.330860145830957464e+00 7.444393667715535123e+00 4.581272281765590648e+00
1.358093255568247848e+01 1.170480088300268662e+01 1.067511857120422292e+01 9.003991035454385283e+00 8.537675074336938508e+00 8.038999500848387214e+00 7.279096734694578075e+00 3.954641513099188543e+00
1.300948289687109494e+01 1.165498773397912657e+01 1.092653028769631618e+01 1.040187502317838053e+01 9.545963575170544502e+00 9.383004506100997233e+00 8.388187010982372627e+00 4.899841124295577721e+00
1.540273907975467083e+01 1.397999666330016666e+01 1.318731798274944111e+01 1.236873119245956509e+01 1.184338044789749844e+01 1.117408308331778066e+01 1.011471356690377021e+01 6.866220605320765280e+00
1.304490250929075223e+01 1.197547967149939119e+01 1.138022212147266288e+01 1.073303925434128914e+01 1.020340452174174928e+01 9.690016023840032133e+00 8.712104862958300444e+00 5.725542815954409726e+00
1.491110553482824663e+01 1.349379024980019004e+01 1.240599011066631618e+01 1.142651196893097421e+01 1.079760202821065285e+01 1.024345582241875263e+01 9.454388436631171899e+00 6.715952192569996093e+00
1.153694338010295439e+01 1.013773354774467705e+01 9.218024719922892629e+00 8.104314657924319931e+00 7.703404521741749278e+00 7.204302232651105697e+00 6.343870739248307800e+00 3.588492301141072538e+00
1.389266511927750258e+01 1.322742167414021353e+01 1.282770883962083452e+01 1.217192035646192139e+01 1.183680020833313762e+01 1.144813802962826799e+01 1.061489964067045833e+01 7.264436479861120510e+00
1.555054271005131383e+01 1.391173938341553651e+01 1.266443958289543481e+01 1.139532680100165862e+01 1.077023953023975089e+01 1.022355497903876653e+01 9.114233094205660635e+00 5.755620534508247843e+00
1.641500105176681856e+01 1.428408691594570179e+01 1.315112342432788495e+01 1.208150421886294268e+01 1.177620008189674650e+01 1.113848198553125357e+01 9.983700628372618624e+00 5.749537962830749471e+00
1.415539710567304965e+01 1.318475863590792230e+01 1.269129661809785148e+01 1.206843864356635621e+01 1.166149618945816435e+01 1.126098834896581025e+01 1.024447819735352105e+01 7.546605275140145785e+00
1.127190342034111659e+01 1.016454321122410853e+01 9.538325708409114867e+00 8.997830813511697556e+00 8.831843654741067695e+00 8.504332494222941463e+00 7.425261257144222249e+00 4.491983401099254536e+00
1.563274577603795379e+01 1.382214332034376625e+01 1.276149792035459463e+01 1.185032709766716330e+01 1.136957573693053725e+01 1.084310542079606421e+01 1.012987243380542068e+01 7.134245529440436329e+00
1.342175985600903587e+01 1.256781221150499839e+01 1.207183540882096118e+01 1.127008813567252687e+01 1.081666166694566655e+01 1.057687786102993854e+01 9.911130000766693371e+00 7.418018716509231503e+00
1.325393812330606202e+01 1.184035526844033015e+01 1.117936984253550214e+01 1.034199469536456029e+01 9.775389508559657159e+00 9.183270035037205403e+00 8.296276308541987277e+00 6.484067059477749417e+00
1.541265454779867383e+01 1.431749681984065603e+01 1.357808375466474438e+01 1.280553969568206618e+01 1.235698554013304928e+01 1.175690748338289460e+01 1.076843539324708843e+01 6.370867105823876386e+00
9.975751781640338933e+00 8.915637901804338128e+00 8.324439652767804176e+00 7.283144047897018858e+00 6.804484245291190447e+00 6.133107042847357526e+00 5.467312962358703565e+00 2.848421130077353425e+00
1.480363737453091488e+01 1.365017900896179626e+01 1.298885381268813077e+01 1.220381343260629414e+01 1.181087094726472841e+01 1.141635811583792126e+01 1.068258783465275918e+01 7.937949581840150870e+00
8.832928591234953331e+00 8.537009337035595280e+00 8.352642178792025973e+00 8.370452985210038221e+00 8.172804007564929307e+00 8.109485002444877466e+00 8.045573785807579981e+00 5.746509407994637719e+00
1.239243912311486007e+01 1.172538417632189578e+01 1.137443151465470947e+01 1.097911721966276488e+01 1.063963229699329460e+01 1.029177241319960068e+01 9.506849665336492450e+00 6.637602812054379520e+00
1.117523639309281336e+01 1.015105563150734191e+01 9.506852890139064982e+00 8.738188506335685446e+00 8.219842726067598804e+00 8.003898857647701703e+00 7.335806031111426151e+00 4.814537003613668986e+00
1.239862567093449819e+01 1.165498773397912657e+01 1.122872998802489697e+01 1.052000622729744705e+01 1.011930550269281071e+01 9.763404507221375539e+00 8.855608542269257200e+00 5.945067558629362203e+00
1.083167527270191322e+01 9.993656829836599087e+00 9.679056113658596416e+00 9.436524351418725587e+00 9.373495246972670003e+00 9.233354798318980983e+00 8.941530796347413101e+00 6.443091019007325393e+00
1.293276134843720904e+01 1.224927561585140623e+01 1.198636669360088547e+01 1.192054056446753663e+01 1.153020889216713130e+01 1.102354956588866841e+01 9.868306684300231169e+00 6.745905435777781456e+00
1.264868379201499593e+01 1.162143030155554868e+01 1.116498902031277396e+01 1.073303925434128914e+01 1.041160741417393965e+01 9.892235298494137297e+00 8.885520522343364647e+00 6.012479729677735918e+00
1.335238476550263798e+01 1.259756026975426657e+01 1.228459977382873980e+01 1.172599279308547082e+01 1.143780045124213629e+01 1.111978495908469000e+01 1.054837568724581942e+01 8.635061225737841184e+00
1.363381363950983172e+01 1.288543878099377871e+01 1.233937740301809782e+01 1.132630350604174296e+01 1.091451779106520448e+01 1.048307588123640066e+01 9.673858369749732233e+00 6.708591240953042600e+00
1.261031456241211046e+01 1.133657192078845632e+01 1.066605813304976458e+01 9.910629749636981956e+00 9.598936822845390182e+00 9.388366177267469581e+00 8.861525375467024901e+00 6.130744177486575630e+00
1.227558061425904334e+01 1.105647247905224972e+01 1.025118695772594535e+01 9.248972194863542384e+00 8.739090461777500707e+00 8.376451188104489631e+00 7.610956690474507624e+00 4.912393127733204246e+00
1.657114262333093535e+01 1.538091172980095678e+01 1.493321054985624485e+01 1.445977440911363132e+01 1.430448424529118867e+01 1.423802463865678192e+01 1.221604059627613026e+01 9.039130271618446955e+00
1.347393740104309501e+01 1.289454990750738972e+01 1.254947755697553546e+01 1.194808714658866400e+01 1.163122021445252940e+01 1.125197803829374799e+01 1.055965616487154080e+01 7.676273801752292236e+00
1.146110055087000212e+01 1.051540131076115436e+01 1.013823088469487388e+01 9.761209237128255722e+00 9.641520171092340163e+00 9.562923483615156428e+00 9.444193655580074065e+00 7.873869237340938021e+00
1.625662647798212035e+01 1.443692877433065647e+01 1.373887712921706594e+01 1.322547311776581935e+01 1.301332513609698083e+01 1.293270135004468813e+01 1.260534563816837661e+01 9.702581548775158993e+00
1.428484400139912402e+01 1.274121526064023691e+01 1.185286271202278385e+01 1.086187004561405267e+01 1.045666517450712085e+01 1.015174460088402952e+01 9.266726736999190805e+00 6.035913794864779192e+00
1.318523116200844925e+01 1.186370533407568928e+01 1.142769356036417605e+01 1.096023437493664865e+01 1.092296714269365410e+01 1.076015433026940826e+01 1.067310536210991145e+01 8.086512202873578303e+00
1.283575613828483064e+01 1.175167447303478241e+01 1.138022212147266288e+01 1.107879599975699492e+01 1.108751035391776263e+01 1.104064812721443190e+01 1.091932136521744034e+01 8.463377203410043847e+00
1.410048863150904808e+01 1.286744274129839027e+01 1.244243782526434927e+01 1.206843864356635621e+01 1.198412558588106513e+01 1.187766918231928059e+01 1.185650812672580301e+01 8.576130844598417013e+00
1.306076950030669970e+01 1.185782057059199524e+01 1.142164487505564452e+01 1.106840610032909922e+01 1.105350241299047198e+01 1.092847245307497772e+01 1.082123686080849012e+01 7.842151221191624444e+00
1.001647166162714875e+01 9.683948473708511528e+00 9.496561474651985080e+00 9.373954337163898032e+00 9.360007667255903385e+00 9.228704957358672800e+00 8.849723778785563155e+00 7.174052944683358746e+00
1.292266140393286022e+01 1.188756862884126519e+01 1.134032181298834630e+01 1.046525162367787232e+01 1.008609997267229552e+01 9.809943182993013266e+00 9.241178824044975926e+00 7.195666008167278527e+00
9.569349927624973162e+00 9.462476687284873123e+00 9.398681164746614414e+00 9.363150902707291223e+00 9.242602188008289588e+00 8.962566630072956286e+00 7.715188739408750607e+00 4.186803161207512503e+00
1.263317301101178458e+01 1.106492183068070290e+01 1.018548534889125712e+01 9.282382098758496625e+00 8.789418796561511371e+00 8.322772687917183276e+00 7.478708728982429221e+00 4.511200472764981484e+00
1.349246864725423478e+01 1.239305378289098059e+01 1.171802471992289263e+01 1.075605925880834945e+01 1.030252292184689011e+01 9.809943182993013266e+00 8.967382879692959108e+00 6.268363093313839229e+00
1.303929145698462122e+01 1.196247668728487312e+01 1.147100502054503757e+01 1.089661656940545065e+01 1.068182367484577711e+01 1.041457045902089718e+01 9.517653099793097482e+00 6.490049092267474506e+00
9.995920836010421695e+00 9.668212890964291262e+00 9.486366693600885469e+00 9.327203090498288773e+00 9.310870947264728414e+00 9.156894579203934015e+00 8.666542812692801689e+00 7.195666008167278527e+00
1.338420904002072476e+01 1.186370533407568928e+01 1.115079618808355022e+01 1.081994451998932050e+01 1.062556675831582709e+01 1.041180776998636759e+01 1.006326466316192558e+01 5.449390532855216129e+00
1.261788069898757847e+01 1.132933365261492042e+01 1.081060843126790161e+01 9.999613548241244487e+00 9.659032425013986511e+00 9.351378885606393965e+00 8.706946961548865715e+00 5.501214245002077341e+00
1.306649295164575264e+01 1.166969318954401480e+01 1.111838374517263084e+01 1.047718291083098485e+01 1.020340452174174928e+01 9.892235298494137297e+00 9.232794719026006902e+00 6.849387148673343972e+00
1.142761137011730277e+01 1.071097081086190883e+01 1.041958063278183033e+01 1.018450848297868561e+01 1.013287738197130494e+01 1.002869954420857468e+01 9.883407570352661153e+00 8.286555282458493821e+00
1.426389667246719561e+01 1.256555730684245198e+01 1.176664789867449912e+01 1.120955204536987182e+01 1.047522521970513765e+01 1.006818521216665552e+01 9.129313006130443497e+00 6.349577478517552720e+00
1.581279242797579876e+01 1.438155345442656774e+01 1.361383138544356441e+01 1.318115120036474153e+01 1.303288847987687227e+01 1.295257158680389509e+01 1.288221174509819633e+01 9.925091941556392072e+00
1.341541050338335417e+01 1.207114092173759801e+01 1.126990027417161500e+01 1.023610825013544279e+01 9.727340243042073453e+00 9.383004506100997233e+00 8.666542812692801689e+00 5.871370583640671548e+00
1.397426115085089471e+01 1.314562877205093194e+01 1.277400173845082598e+01 1.236873119245956509e+01 1.226075014693702769e+01 1.213467991080440456e+01 1.205971541969856453e+01 9.409482750841940302e+00
1.175700308610422518e+01 1.071711071151156602e+01 1.011444801185480102e+01 9.416016657069366858e+00 8.844275884523623787e+00 8.690916539965202858e+00 8.091295750088354666e+00 5.623680396729260345e+00
1.555394094820812434e+01 1.395541290652755784e+01 1.289119375558902547e+01 1.198593799330904375e+01 1.148420649776276115e+01 1.110662435910379742e+01 1.030329875328743938e+01 7.300527309818671817e+00
1.698987034156534648e+01 1.547032969317948492e+01 1.413417184932651516e+01 1.364886780875760408e+01 1.357442903658357025e+01 1.353573528532635528e+01 1.316682941281591290e+01 9.978917081157842262e+00
1.631220341084900127e+01 1.470798789568751097e+01 1.369884545360113393e+01 1.257148997677955116e+01 1.183352498351234416e+01 1.111450156080119278e+01 9.874321858714926847e+00 6.100996119237306559e+00
1.528145801405173820e+01 1.382933365261492042e+01 1.316906988589569139e+01 1.272179064215422528e+01 1.268892782453951185e+01 1.250000000000000000e+01 1.238645311570095764e+01 9.591662181193484571e+00
1.368128507840134489e+01 1.301029995663981254e+01 1.263453790084615669e+01 1.195977440911363132e+01 1.150333890833407580e+01 1.107313517835109806e+01 1.023392674205824093e+01 7.754124409891839598e+00
1.229232752013079910e+01 1.055887133623562590e+01 9.527733076050978411e+00 8.527813103152386276e+00 7.984625591888406149e+00 7.568185212166654630e+00 6.828785696311770792e+00 4.103776518430541032e+00
1.205117818621306292e+01 1.112299643247689040e+01 1.065707267869127151e+01 1.002700294095297551e+01 9.607320927864359206e+00 9.285862164757432424e+00 8.443272399787078442e+00 5.433406745904028057e+00
1.214524010843745572e+01 1.106775295667797465e+01 1.041958063278183033e+01 9.795880102496239417e+00 9.270013534077106598e+00 8.916358115837923037e+00 8.026160360726947829e+00 4.215952192569995205e+00
1.348738322247809940e+01 1.228347485907938896e+01 1.138604377726911920e+01 1.081175024558623221e+01 1.022548805331134147e+01 9.953791485764966751e+00 9.175851681902081225e+00 6.215855726875388676e+00
1.471106245524332934e+01 1.356775295667797110e+01 1.291479764617112735e+01 1.211081421529277158e+01 1.174561394085421639e+01 1.129779649101757855e+01 1.058547409429189834e+01 8.167777267761048066e+00
1.302483699806989570e+01 1.214502903064188999e+01 1.175019703539619442e+01 1.102781310315238628e+01 1.070934116559113924e+01 1.033331869328647024e+01 9.596445728408260933e+00 6.745905435777781456e+00
1.404539273173140757e+01 1.296543530680815692e+01 1.246585504222513130e+01 1.204785535024714704e+01 1.191499340152132369e+01 1.181059526626270539e+01 1.169181867855558288e+01 8.748974431571934218e+00
8.861192301007452699e+00 8.749387366082999051e+00 8.613831385443566191e+00 8.644422618496101052e+00 8.580949994352391030e+00 8.487792123339145789e+00 8.103033553109304066e+00 7.134245529440436329e+00
1.322301103824918833e+01 1.241244244463288560e+01 1.192713002910535991e+01 1.126017266762852387e+01 1.086248011966949534e+01 1.048455006504028120e+01 9.774960591769547236e+00 6.723363389979343019e+00
1.473214537408548708e+01 1.389245404148193686e+01 1.346149440323825175e+01 1.273610825013544279e+01 1.240573001438124479e+01 1.201356333812576338e+01 1.164460531815464783e+01 9.208591240953042600e+00
1.321508592127542059e+01 1.226624058920963733e+01 1.187095873433258397e+01 1.151954626147442973e+01 1.118918401276558505e+01 1.091085362905069900e+01 1.039188429196325636e+01 7.323547314285732135e+00
1.016441937475921620e+01 9.846044873334216518e+00 9.759517822087101280e+00 9.845016822487414387e+00 9.717980390207387131e+00 9.641444644244216988e+00 9.538480581343225850e+00 8.190516029847373147e+00
1.270478596463560983e+01 1.178958432619554841e+01 1.140964766785122464e+01 1.114442261849610105e+01 1.071166608340618431e+01 1.035013209736705875e+01 9.677626110505073598e+00 7.759904740517783672e+00
1.640999765026364088e+01 1.427317490243957643e+01 1.318120114288172218e+01 1.234167094555676059e+01 1.201847511441688710e+01 1.176647350301552564e+01 1.117151186578158573e+01 7.606984827768684454e+00
1.266441937475921620e+01 1.166969318954401480e+01 1.132366057240992774e+01 1.096963474711991537e+01 1.063637019277243567e+01 1.019606651828510735e+01 9.356508126725803010e+00 6.784547813437344921e+00
1.248915610257060926e+01 1.127997350712552915e+01 1.061897276229942833e+01 9.320981089489052351e+00 8.899857195438512392e+00 8.606624359103797417e+00 8.071055074872916180e+00 5.205276827237296899e+00
1.255877842441730863e+01 1.159808023592018955e+01 1.109581045381812814e+01 1.060431465792431993e+01 1.005387991679205051e+01 9.513563338125765156e+00 8.651770663666502159e+00 6.201965522015169263e+00
1.350271151760684774e+01 1.274254013719848366e+01 1.240151898751276960e+01 1.196448476880000911e+01 1.160441055097309615e+01 1.137203619843684343e+01 1.075817639215014410e+01 8.184786537898411041e+00
1.467008641477290709e+01 1.300691232142739651e+01 1.225821363429694166e+01 1.139672504485847426e+01 1.102984709374602978e+01 1.057527292917116846e+01 9.841643336595529590e+00 7.327431884457285882e+00
1.570200460394122821e+01 1.458552174396032619e+01 1.378044148517452427e+01 1.298924677055421206e+01 1.238923750174816618e+01 1.205662934306204015e+01 1.136152537546702312e+01 8.246509407994636831e+00
1.248243325629365685e+01 1.127310173605515153e+01 1.064520659113011547e+01 9.498042201223590553e+00 9.099127152689597153e+00 8.725387251179284931e+00 7.721398877624912060e+00 4.349387148673343972e+00
1.297412773088730376e+01 1.169465374181051587e+01 1.113678649428855394e+01 1.061107939136413236e+01 1.042047061608556469e+01 1.015609625482478151e+01 9.414171386897535854e+00 6.084356158216040811e+00
1.007325512161954961e+01 8.866017419134761823e+00 8.136391363776295904e+00 7.146505344689675354e+00 6.701292023453136792e+00 6.294681033486079436e+00 5.600087184395446727e+00 2.944799675255223015e+00
1.299541735819362742e+01 1.155727532575270722e+01 1.084198019912094324e+01 9.939488224710913755e+00 9.557960782374966158e+00 9.341038462639797757e+00 8.656672415580320745e+00 5.391172172541142338e+00
1.294295612948830865e+01 1.198204003106476456e+01 1.146471087999192129e+01 1.103781995928656912e+01 1.052306274580579171e+01 1.017036080630369099e+01 9.434093711075723476e+00 6.349577478517552720e+00
1.350442809694427204e+01 1.256781221150499839e+01 1.198636669360088547e+01 1.142363964925376330e+01 1.106311076069487243e+01 1.087012034681600170e+01 1.021518873940874883e+01 6.841067290301024784e+00
1.277266657974464792e+01 1.176237146798296962e+01 1.116023743196419105e+01 1.043598472484474371e+01 9.939486190390361742e+00 9.748324595296592676e+00 8.787012921401908372e+00 6.088492301141071650e+00
1.199841948971068994e+01 1.113198188683538525e+01 1.077014152853471174e+01 1.035800092438738496e+01 1.009266033223766890e+01 9.794207600248791223e+00 9.175851681902081225e+00 6.679636559578504773e+00
1.437675470383950760e+01 1.287340833984929489e+01 1.210981770885454445e+01 1.153373909370365524e+01 1.130739827980558765e+01 1.106052486000061563e+01 1.052341513497931658e+01 6.753524668482794979e+00
1.193184009264421519e+01 1.076537359950003214e+01 1.014008209776868341e+01 9.677649848410881717e+00 9.248634071326636175e+00 8.966203940693391772e+00 8.173105362109913230e+00 4.284547813437344921e+00
1.496911117253098844e+01 1.358202039200646638e+01 1.274097299524251881e+01 1.178238209875849485e+01 1.122406273114771302e+01 1.076778695365176297e+01 9.912691088317814092e+00 6.679636559578504773e+00
1.362417971467955624e+01 1.164529359632112460e+01 1.063639136377629413e+01 9.805531154529335325e+00 9.263862037707964348e+00 8.855459751189311390e+00 8.031671723854531209e+00 5.221938067815714568e+00
1.069036467608609797e+01 9.972776643924683881e+00 9.724843228235805270e+00 9.629886608937795245e+00 9.534097487609390242e+00 9.443491529125155992e+00 9.337948081527784439e+00 6.909482750841941190e+00
1.007325512161954961e+01 9.363705334075689279e+00 8.921644875055644519e+00 8.271681632000852602e+00 8.052810804055059890e+00 6.610143332538326533e+00 4.807081175711587662e+00 3.219625982756642024e+00
1.210663208680051461e+01 1.112897846526661461e+01 1.075698092855381915e+01 1.045345002699641057e+01 1.024046396253431013e+01 9.962877197402701057e+00 9.454388436631171899e+00 6.761197747801985791e+00
1.128294864484118420e+01 1.037340833984929489e+01 1.006665728573711860e+01 9.855116766991764976e+00 9.805274042983421978e+00 9.668933104997876171e+00 9.434093711075723476e+00 6.679636559578504773e+00
1.234417623512639395e+01 1.136601741913476182e+01 1.100993676658951514e+01 1.073303925434128914e+01 1.065498639819209359e+01 1.045831623620959405e+01 1.017666184410149199e+01 6.753524668482794979e+00
1.348738322247809940e+01 1.226624058920963733e+01 1.161238376958098506e+01 1.111057591354733809e+01 1.075924154555106860e+01 1.049790857373643505e+01 9.850458563949350932e+00 6.333879814162800770e+00
6.788374853957267696e+00 6.640478793731027451e+00 6.516116277279143887e+00 6.638650347562494503e+00 6.684057753583386940e+00 6.444560641862144834e+00 6.460861921924139217e+00 3.283421842463251750e+00
1.540273907975467083e+01 1.328923689426560806e+01 1.190808153692987936e+01 1.092342623288488213e+01 1.027105010357684023e+01 9.875270325135906191e+00 9.121746869554973713e+00 6.344319665798141550e+00
1.332728845378553828e+01 1.210745655472909021e+01 1.157701464192775731e+01 1.122855885381191143e+01 1.100060508826973305e+01 1.089136830878453210e+01 1.089203032899469470e+01 7.625602740319401107e+00
1.302483699806989570e+01 1.209278422056884494e+01 1.162686046678322427e+01 1.100807190103730093e+01 1.076167593268024802e+01 1.061946120927689030e+01 1.025513320145975804e+01 6.308211096067458890e+00
1.207855113697089422e+01 1.094207875265056273e+01 1.039353118642670815e+01 9.991913259193218266e+00 9.461815152827027120e+00 9.143943297944485238e+00 8.088381020271379285e+00 5.415423126403849707e+00
7.953247544975388550e+00 7.534470711214082961e+00 7.246545909064785462e+00 7.050407022878166785e+00 6.773102401607874690e+00 6.499499993992658986e+00 5.832112439602459730e+00 3.576130844598416125e+00
1.412759579771804752e+01 1.277756692330552113e+01 1.184392656112703790e+01 1.081994451998932050e+01 1.038544382997852722e+01 9.842115498466315060e+00 9.077424952153895887e+00 6.278188827384920678e+00
9.206650808210936177e+00 8.485874762458527343e+00 8.193469479118583365e+00 7.826221010597040895e+00 7.710715904285041944e+00 7.490599627816733275e+00 7.101125633088262390e+00 5.474993215966314608e+00
1.306879080690506179e+01 1.184614587525828355e+01 1.128044148517452427e+01 1.065257754591278783e+01 1.047522521970513765e+01 1.021892496688478147e+01 9.328785696311770792e+00 5.059378789586346237e+00
1.248243325629365685e+01 1.143534327399764017e+01 1.098544543780788985e+01 1.018909934057867872e+01 9.780313490716919134e+00 9.361818737241735633e+00 8.415380394630053829e+00 5.525613838224967544e+00
1.144809756665548228e+01 1.043652346286846466e+01 9.870726295303489550e+00 9.294423658837972724e+00 8.904252894579359534e+00 8.570601370422219034e+00 7.597909059747872007e+00 5.048193770236604649e+00
1.333902625680648768e+01 1.248316654335257958e+01 1.205982613781390889e+01 1.150708430308729824e+01 1.124288012078987364e+01 1.081875143811760687e+01 1.002969162558703786e+01 7.162848137243896574e+00
1.117724887968338798e+01 1.022544157587272018e+01 9.850672549929864630e+00 9.466847634160792779e+00 9.175542131853607231e+00 8.671302707394360709e+00 7.497125667482542610e+00 4.847065985590309545e+00
1.193994263923879728e+01 1.089998108376968844e+01 1.046860639693049499e+01 9.961646875539177159e+00 9.699499327747174604e+00 9.393754457332807561e+00 8.343098059847690706e+00 4.530763816544872924e+00
1.264868379201499593e+01 1.180624556677396519e+01 1.143989297190939425e+01 1.099833429132849005e+01 1.073281745760631445e+01 1.040356163259001931e+01 9.824224735118662011e+00 7.714501489395209077e+00
1.246251093211546745e+01 1.145947173818809262e+01 1.108691092690257740e+01 1.048924677055421206e+01 1.013972747538637798e+01 9.786424511688434080e+00 9.007353143153286723e+00 5.422132125329405028e+00
1.222683614001084784e+01 1.127997350712552915e+01 1.078346361229737838e+01 1.028524497012661598e+01 9.992173755599472074e+00 9.718778929853344906e+00 9.070210731560173656e+00 6.293096194819112199e+00
1.396634566350923201e+01 1.296543530680815692e+01 1.241951502720815981e+01 1.162475273439077306e+01 1.133184365474106770e+01 1.086801824314917297e+01 9.649068795075470106e+00 5.898859044394328954e+00
1.389512431898063838e+01 1.267321428233560532e+01 1.213047716059446302e+01 1.173359868201626632e+01 1.159124995099220179e+01 1.146985347759099838e+01 1.142883198252422616e+01 9.316483533528415961e+00
1.325530297100905841e+01 1.201544993495971880e+01 1.142164487505564452e+01 1.103781995928656912e+01 1.085980918054943167e+01 1.054678258940874613e+01 9.918957981357602094e+00 5.406541799133014692e+00
1.178837485395726858e+01 1.066893706333778447e+01 1.013453790084615669e+01 9.889478375436851820e+00 9.549947932686936980e+00 9.341038462639797757e+00 8.712104862958300444e+00 6.686803161207512503e+00
1.251647166162714875e+01 1.177317490243957643e+01 1.154276144773428392e+01 1.139393035552972222e+01 1.134845179815128802e+01 1.120801510129096634e+01 1.068576715231185403e+01 8.167777267761048066e+00
1.460663208680051284e+01 1.361113034491573615e+01 1.297868290735209840e+01 1.210006426406095947e+01 1.159386933997018687e+01 1.108846347347984462e+01 9.998815529620964426e+00 6.526650407724700287e+00
1.211615614966742704e+01 1.088550438656745101e+01 1.041718650567115034e+01 1.005104236293197317e+01 9.980242468446361315e+00 9.900818238090122847e+00 9.675112831131061242e+00 7.159509120143503935e+00
1.229232752013079910e+01 1.125274358577177480e+01 1.082792516524681758e+01 1.043598472484474371e+01 9.956766176431186111e+00 9.351378885606393965e+00 8.142082217155362400e+00 5.051377749658473526e+00
1.117724887968338798e+01 1.071301358889585664e+01 1.058216462024766358e+01 1.043022483757083307e+01 1.044750278929110721e+01 1.036324501285335487e+01 1.027894890856760490e+01 9.491983401099254536e+00
1.288317573597477939e+01 1.186370533407568928e+01 1.134032181298834630e+01 1.008812993780081513e+01 9.615770279492810602e+00 9.247425010840046866e+00 8.265004944248719454e+00 6.067967376028997606e+00
1.102524156890460105e+01 9.932183646747970940e+00 9.335063359215414636e+00 8.646642938707012505e+00 8.161633783475501502e+00 7.837175664322173496e+00 7.098783159245942720e+00 4.172516952396438938e+00
1.583755207300260537e+01 1.407975513922918687e+01 1.300429108039817194e+01 1.122258340557144862e+01 1.059378684452548391e+01 9.962877197402701057e+00 9.144605318154647833e+00 6.051822302254421970e+00
1.399565565993905913e+01 1.255546779092864895e+01 1.192713002910535991e+01 1.150090655552544661e+01 1.134219393526677955e+01 1.117966528689851025e+01 1.091538039463005383e+01 7.683452249090057862e+00
1.379635296577145454e+01 1.245229044738650437e+01 1.188012111954859762e+01 1.099833429132849005e+01 1.063963229699329460e+01 1.026734537155095772e+01 9.831448555544431755e+00 6.883319166646528764e+00
1.184648832018546649e+01 1.075045647881998967e+01 1.035898735427750239e+01 1.009233008309587021e+01 9.992173755599472074e+00 9.918190387978441436e+00 9.808499511909053226e+00 7.192224686095269881e+00
1.102349179220878383e+01 9.993656829836599087e+00 9.476266749096534880e+00 8.773829906882278706e+00 8.599087239584749298e+00 8.294931772622284427e+00 7.913967823532849444e+00 3.808211096067458890e+00
1.529032121596336324e+01 1.380437310034841936e+01 1.304656352246113649e+01 1.260502889691905715e+01 1.218584208849341977e+01 1.181059526626270539e+01 1.148054347967385169e+01 8.504779440629711473e+00
1.349757800352919901e+01 1.271505167644482626e+01 1.240003269541925945e+01 1.200782367463121503e+01 1.179182245508924964e+01 1.155341286630837239e+01 1.082484996299394098e+01 9.165443727349277481e+00
1.566619380336220857e+01 1.473257165246011979e+01 1.400955591771377229e+01 1.303888907202356151e+01 1.259266033223766890e+01 1.224832459529659090e+01 1.139771993388858107e+01 9.215952192569996981e+00
1.375879578181018736e+01 1.283809673312027932e+01 1.236639777313947519e+01 1.179644363375505556e+01 1.151791276748588544e+01 1.117687059756975998e+01 1.058257493047380038e+01 8.844319665798142438e+00
1.031735338916890576e+01 9.893053782890980585e+00 9.645646209763643952e+00 9.522663124832480008e+00 9.439953953787826535e+00 9.377669182319282370e+00 9.183805828867553700e+00 8.015788104153886096e+00
1.454668237769915606e+01 1.359357088609833042e+01 1.306011845762968981e+01 1.193652435141872736e+01 1.165592829928276686e+01 1.143389866219106210e+01 1.076843539324708843e+01 7.878169188326622496e+00
1.374584450055073681e+01 1.281659630371548531e+01 1.234219019268651785e+01 1.183346095338279902e+01 1.146540540104743400e+01 1.124601243974284337e+01 1.069536134909896141e+01 8.140007564626653647e+00
1.451572242491089249e+01 1.343704052456224929e+01 1.291241403115282083e+01 1.226431578060599392e+01 1.198412558588106513e+01 1.158954050930636193e+01 1.092724648219120809e+01 7.970293051895552594e+00
1.370375643226588558e+01 1.249365682983659909e+01 1.188936148344850707e+01 1.131197444593219359e+01 1.100060508826973305e+01 1.062113285888310621e+01 9.808499511909053226e+00 6.918345952753565342e+00
1.046363744440328247e+01 9.462476687284873123e+00 8.927693560364177827e+00 8.547919903790921481e+00 8.093786844525483914e+00 8.008413359805858889e+00 7.241092087570094371e+00 4.014312363535919914e+00
1.356628496482681179e+01 1.273198611771816324e+01 1.231164316951990045e+01 1.165095842015102434e+01 1.134427588452362201e+01 1.108332995940219767e+01 1.057392360020003430e+01 7.805273616473589193e+00
1.358277747745988862e+01 1.260805055623828785e+01 1.216103019538141439e+01 1.154010706623835425e+01 1.134219393526677955e+01 1.101149909585194919e+01 1.033740845495380434e+01 8.140007564626653647e+00
1.347560905064931092e+01 1.293969813239569788e+01 1.278665123537433246e+01 1.255917525642627908e+01 1.246258783222764244e+01 1.212127558987413423e+01 1.169181867855558288e+01 9.349387148673343972e+00
1.217512464286122054e+01 1.125611021235995324e+01 1.083142190322822884e+01 1.010502889691905715e+01 9.872991769155875730e+00 9.668933104997876171e+00 9.160116099157860958e+00 6.244180886457629143e+00
1.099246864725423478e+01 9.972776643924683881e+00 9.274967757046818306e+00 8.568406100329099218e+00 8.273930421742313968e+00 7.928490344618253083e+00 7.081373867949777079e+00 3.622161237890590968e+00
1.376970779531631273e+01 1.275856605479435402e+01 1.226082357835363190e+01 1.148106823739819582e+01 1.115889900505039556e+01 1.087222652828105218e+01 1.026805878512498182e+01 7.376520561960576927e+00
1.212094969478173034e+01 1.079363259340645520e+01 1.008235495009186877e+01 9.308643045300271979e+00 8.924256788661402595e+00 8.509104968741269204e+00 7.856048160902783906e+00 4.950944024901938967e+00
1.543276134843720904e+01 1.390785481324398276e+01 1.306011845762968981e+01 1.176653165368094633e+01 1.132978538643790323e+01 1.092625440081274490e+01 1.050708796708192239e+01 7.767660032096489253e+00
1.272136241188314187e+01 1.187557142163684354e+01 1.140369841348783453e+01 1.077957793011292864e+01 1.062556675831582709e+01 1.015283088031907255e+01 9.644178083180815264e+00 7.081272281765590648e+00
1.198987034156534470e+01 1.070689674902813948e+01 9.950187581256006553e+00 9.170586067653566431e+00 8.805385793215013024e+00 8.506716109241247992e+00 7.547232171940178702e+00 4.058123225994751060e+00
1.616922121867811768e+01 1.415498773397912657e+01 1.334552257160996014e+01 1.263963696485478039e+01 1.224153307527130075e+01 1.176167995790122234e+01 1.101415174783923767e+01 8.588492301141071650e+00
1.409160124596644081e+01 1.301199774620353011e+01 1.239263160197016234e+01 1.139114284127774468e+01 1.097806304247129461e+01 1.076587376160648191e+01 9.955711943604233838e+00 7.134245529440436329e+00
1.193994263923879728e+01 1.083859703975500111e+01 1.039353118642670815e+01 9.581504218862942679e+00 9.317295440594087097e+00 8.912883757017906916e+00 8.299807161100131836e+00 6.339087192033532325e+00
8.673227629883811574e+00 7.432183646747970940e+00 6.323660572409926850e+00 5.144041580245497514e+00 4.628568889832889610e+00 3.813509300777103039e+00 3.059656164871540796e+00 9.523544061474051858e-01
1.392507756218842374e+01 1.290066674737510688e+01 1.243474299358948798e+01 1.209739332494089581e+01 1.220870053709309389e+01 1.192110442249283864e+01 1.199615267038830524e+01 9.039130271618446955e+00
1.328156648950476360e+01 1.208552174396032619e+01 1.153603860145733151e+01 1.087910431548380430e+01 1.058339694509758999e+01 1.021316507961087083e+01 9.394608043117644414e+00 6.122161237890590968e+00
1.390750456947876756e+01 1.268698172703774674e+01 1.208842874561737091e+01 1.103781995928656912e+01 1.071283041188748086e+01 1.047866530155658893e+01 9.866808083365613768e+00 6.816483533528416849e+00
1.564378102162011430e+01 1.439969988582729599e+01 1.386294213543183673e+01 1.348868323929539592e+01 1.341451779106520448e+01 1.293270135004468813e+01 1.217888493523131643e+01 9.208591240953042600e+00
1.433535246661984175e+01 1.266825090818442945e+01 1.166391990757578512e+01 1.053255823073507180e+01 1.006024788932674952e+01 9.833982604972010932e+00 9.232794719026006902e+00 6.201965522015169263e+00
1.305280701995387460e+01 1.139628380278880471e+01 1.030374979670009594e+01 8.750346933557441531e+00 8.164972800575895917e+00 7.754141120081294858e+00 7.017653099793097482e+00 3.803149379651422635e+00
1.116922121867811590e+01 9.855285237234125972e+00 9.218024719922892629e+00 8.248331566365495249e+00 7.826741090354719432e+00 7.538437153917385558e+00 6.944193655580073177e+00 3.240477524676291132e+00
1.464524010843745572e+01 1.348587476245852734e+01 1.285446344687932907e+01 1.178437977403182835e+01 1.122592986179660812e+01 1.077354684092567361e+01 1.010908311588575614e+01 7.266887352695872160e+00
1.157694871312851426e+01 1.012457294776378447e+01 9.098097560769913272e+00 7.971200878041257987e+00 7.528775071056697854e+00 7.019612023434296688e+00 6.435162823812713206e+00 3.617895078355548133e+00
1.568395156704035287e+01 1.388483480877692244e+01 1.281457477375543341e+01 1.228314404789701797e+01 1.162041677999592082e+01 1.164824324893016794e+01 1.124357768122835211e+01 7.564207868880493457e+00
1.049541735819362742e+01 9.993656829836599087e+00 9.781932115963968499e+00 9.721612785413663360e+00 9.553946965586421314e+00 9.525694595111794172e+00 9.183805828867553700e+00 6.686803161207512503e+00
1.065867135152856804e+01 1.024121526064023691e+01 1.007186466360785104e+01 9.885992862957838412e+00 9.846444329130140005e+00 9.778696819245579874e+00 9.555210283754364653e+00 7.588680795405546853e+00
1.217008641477290709e+01 1.069075167525356207e+01 1.017395529853636305e+01 9.703813432606294143e+00 9.810335759399457345e+00 9.655101883497973603e+00 9.517653099793097482e+00 8.255620534508247843e+00
1.414295300148567414e+01 1.279412230690627972e+01 1.212700650381466261e+01 1.160254177783181184e+01 1.097361025616961427e+01 1.070817754491075036e+01 9.753163398873427425e+00 5.854537126993250240e+00
1.343779761001567152e+01 1.177861720057526362e+01 1.092653028769631618e+01 1.039073916961275401e+01 9.883795203612482538e+00 9.614634980764783734e+00 8.879471837034833115e+00 5.878177729479354241e+00
1.372039639328715133e+01 1.254547117213215657e+01 1.190808153692987936e+01 1.094167432973863185e+01 1.051332513609698083e+01 1.008847993772210394e+01 9.434093711075723476e+00 6.738339299202311672e+00
1.405106238537096175e+01 1.283954534735086384e+01 1.240449768953131837e+01 1.150863424796830259e+01 1.120924016366707399e+01 1.083086014583095746e+01 1.020491679708942456e+01 7.998804174745535178e+00
1.471106245524332934e+01 1.366248210043496947e+01 1.315112342432788495e+01 1.259233008309587021e+01 1.229022895876092214e+01 1.196059009045091770e+01 1.136747462983041146e+01 9.070972325125779889e+00
1.248915610257060926e+01 1.132573253420665438e+01 1.068731798274944111e+01 9.649300034018427397e+00 9.270013534077106598e+00 9.049471895720985870e+00 8.299807161100131836e+00 5.297245955468318002e+00
1.473748069786720194e+01 1.391563790180433813e+01 1.343036004900318403e+01 1.301378422628820886e+01 1.272548805331134147e+01 1.307047231911843710e+01 1.143516282381271232e+01 7.453854847569703956e+00
9.792327520130799101e+00 9.369622167273455204e+00 9.210128421810818367e+00 8.790194936311062079e+00 8.488524449536107852e+00 7.955440112131012320e+00 6.856508126725802121e+00 4.208591240953042600e+00
1.414915722525228503e+01 1.335711750937464615e+01 1.312764713231270974e+01 1.283145348436164923e+01 1.275564933181479432e+01 1.265609625482478151e+01 1.252448424771630719e+01 7.310698215154704194e+00
1.200271944069637442e+01 1.084319762377728935e+01 1.026357191564572346e+01 9.910629749636981956e+00 9.681327586335262581e+00 9.575622297438343367e+00 9.249628175673427322e+00 4.958235766242868436e+00
1.326904665078710188e+01 1.191815476988379352e+01 1.131269344678964295e+01 1.031067320975971313e+01 9.889237501748167958e+00 9.668933104997876171e+00 9.249628175673427322e+00 4.861693393912545957e+00
1.522136241188314187e+01 1.357629090005750427e+01 1.276981777872691382e+01 1.187612798394546942e+01 1.148420649776276115e+01 1.116576322494546147e+01 1.059129575008835467e+01 8.321633511848322229e+00
1.447297138244710446e+01 1.282944540284651325e+01 1.193678108113845582e+01 1.093251194452261821e+01 1.058339694509758999e+01 1.015391824766560092e+01 9.347188445427693892e+00 6.472200971916595158e+00
1.658865487725258347e+01 1.492226817870396793e+01 1.400303495994495151e+01 1.336187004561405267e+01 1.293841707765337290e+01 1.242698182228553350e+01 1.144793633825891455e+01 9.253524668482794979e+00
1.539291334568359026e+01 1.478347485907938896e+01 1.415640613222647382e+01 1.213539797206537862e+01 1.096329089344499508e+01 9.833982604972010932e+00 8.549178533946275138e+00 4.501549420731886464e+00
1.376314743575093935e+01 1.248316654335257958e+01 1.188936148344850707e+01 1.143807784346544842e+01 1.118377784621960558e+01 1.076778695365176297e+01 9.848984380145468620e+00 7.440817164766000857e+00
1.160346733352759330e+01 1.038543878099377871e+01 9.644471805966327693e+00 8.672508411243708082e+00 8.336061877045624513e+00 8.005401606959930305e+00 7.246440552596473239e+00 4.215952192569995205e+00
1.174674408500728084e+01 1.105367057761401206e+01 1.063055405829219069e+01 1.033671129708106307e+01 1.009266033223766890e+01 9.718778929853344906e+00 8.759662956241875520e+00 5.629095551120530061e+00
1.328577205785442139e+01 1.251494645714292275e+01 1.203832570840911664e+01 1.146754332085635042e+01 1.116771900647639804e+01 1.053899950084838721e+01 9.232794719026006902e+00 6.387112838416168614e+00
1.218527178405338773e+01 1.114712489666734285e+01 1.076683639293897343e+01 1.032622101059704178e+01 1.029456877488141942e+01 1.004826288798846612e+01 9.909571154548075356e+00 6.398079964036453404e+00
1.405106238537096175e+01 1.234604487333421652e+01 1.140369841348783453e+01 1.076384234736870837e+01 1.039409516025229152e+01 1.006818521216665552e+01 9.394608043117644414e+00 6.597135909321191427e+00
1.355722956450567196e+01 1.260104578223327998e+01 1.213512202844766108e+01 1.172220973627986851e+01 1.158603005533804087e+01 1.132624535537632227e+01 1.032135715219281380e+01 6.617180839360812250e+00
1.344590620785886159e+01 1.211486775213843714e+01 1.145223101609817284e+01 1.107879599975699492e+01 1.071750025222528002e+01 1.036720996992473687e+01 9.454388436631171899e+00 6.484067059477749417e+00
1.642761137011730455e+01 1.449528088058963604e+01 1.354347568672902291e+01 1.289629281959765095e+01 1.283493536475780950e+01 1.260916125263707777e+01 1.248203411046329769e+01 9.400691316534848241e+00
1.303705513033454721e+01 1.191815476988379352e+01 1.144604446827853650e+01 1.100807190103730093e+01 1.074715081698867181e+01 1.043129586608821668e+01 9.950846799370618001e+00 7.789277213606858652e+00
1.648223476958718337e+01 1.450868520151990637e+01 1.360028772286283072e+01 1.265290478215712255e+01 1.242247692025300054e+01 1.204414947916829348e+01 1.133804908345185147e+01 8.697374664415175261e+00
1.054377797661150140e+01 1.014014361800121833e+01 9.850672549929864630e+00 9.799087597309808828e+00 9.765608035152032684e+00 9.627957064527452147e+00 9.506849665336492450e+00 7.928882838505856512e+00
1.438445499288753382e+01 1.305179811118846622e+01 1.256147476417995534e+01 1.137731161977784211e+01 1.106794701013787119e+01 1.078321508116797212e+01 1.010162098201209879e+01 7.455313190575739490e+00
1.260280078706279561e+01 1.123938050994881621e+01 1.041003563763928241e+01 9.586774793313772136e+00 9.161496189458164352e+00 8.835896407409419950e+00 8.221368250098379349e+00 6.067967376028997606e+00
1.038317573597477939e+01 9.766240589209637335e+00 9.456344424918347258e+00 9.323051130544628862e+00 9.224705032142210825e+00 9.192206185932951357e+00 9.063044129931165926e+00 7.406796536966213651e+00
1.424334584685046856e+01 1.278168216337342677e+01 1.226343981143822504e+01 1.148409679223430579e+01 1.115015007612450937e+01 1.100195410070940305e+01 1.029438095198404746e+01 7.176307849345903378e+00
1.401198282783645332e+01 1.306956833118381311e+01 1.253088862313742524e+01 1.177641103217036900e+01 1.153020889216713130e+01 1.137873829505627299e+01 1.095544900821542988e+01 8.803149379651422635e+00
1.381677493846502180e+01 1.286447218895355071e+01 1.229398853330118335e+01 1.116231363019260847e+01 1.076533777832593231e+01 1.039673737250720542e+01 9.496152670388303463e+00 6.866220605320765280e+00
1.500272798184910528e+01 1.280530115680371672e+01 1.152271651769466487e+01 1.010929505645409954e+01 9.561989492766414855e+00 9.033849522528480946e+00 8.346784773762705001e+00 5.406541799133014692e+00
1.497575178164033893e+01 1.386229276297848401e+01 1.332443965276780418e+01 1.268909934057867872e+01 1.241128366436613994e+01 1.206925432490364436e+01 1.134387073924830780e+01 9.276708528805198029e+00
1.367926510348426206e+01 1.252574989159952956e+01 1.187095873433258397e+01 1.103781995928656912e+01 1.061486976336763988e+01 1.030544528794280090e+01 9.592948990426847899e+00 6.849387148673343972e+00
1.420665080821093618e+01 1.255658422928384255e+01 1.188012111954859762e+01 1.134215395111929148e+01 1.120190408031945140e+01 1.107060137042221903e+01 1.098860383488502279e+01 7.850519171705579780e+00
1.415853054566829350e+01 1.270220257731379654e+01 1.210076042000257424e+01 1.164215272545364854e+01 1.143553140923602562e+01 1.105552145849743795e+01 9.894104565300850140e+00 5.796010229333510289e+00
1.570591247692342485e+01 1.391173938341553651e+01 1.282112194658841631e+01 1.127133396048478531e+01 1.069091890042890114e+01 1.022587741030879727e+01 9.077424952153895887e+00 5.734478966850154791e+00
1.606810514329964334e+01 1.418460055697820721e+01 1.309617431404265986e+01 1.202765502422266763e+01 1.139985719543851239e+01 1.101630324618912837e+01 1.013753198024449986e+01 7.020938082473792363e+00
1.283575613828483064e+01 1.174108184067664595e+01 1.110929803353489476e+01 1.047120087804125887e+01 1.002258852323705973e+01 9.962877197402701057e+00 9.208023997375383018e+00 6.092644261094734226e+00
1.228113426424393850e+01 1.105367057761401206e+01 1.038189403102620290e+01 9.624403081096158274e+00 9.291822455089249644e+00 8.875382075367499013e+00 7.702874019055476751e+00 4.511200472764981484e+00
1.448987034156534470e+01 1.368751459149260441e+01 1.314816097718368759e+01 1.237216164145793584e+01 1.212428590122258854e+01 1.206925432490364436e+01 1.175814379740320703e+01 7.697953115119061884e+00
1.395328008821264554e+01 1.295410015026122963e+01 1.249301983739142941e+01 1.192736196620271194e+01 1.166990193109304741e+01 1.148087627485363527e+01 1.098440368958996771e+01 9.130752718639307375e+00
1.366323918588839170e+01 1.271634498952778003e+01 1.224140023021634960e+01 1.157746592410449260e+01 1.124477992215781441e+01 1.087222652828105218e+01 1.016084027153135239e+01 8.060721531683638474e+00
1.594916667939247290e+01 1.469991547036201496e+01 1.373379170444093234e+01 1.263525014593840368e+01 1.219492780013115407e+01 1.175690748338289460e+01 1.109926329722805072e+01 8.331400320180344821e+00
1.294295612948830865e+01 1.183459538116641951e+01 1.122872998802489697e+01 1.042449534562187452e+01 1.007309698845777746e+01 9.697135631022097968e+00 8.815069681673779911e+00 5.725542815954409726e+00
1.264090070345463879e+01 1.139628380278880471e+01 1.056284987090612049e+01 9.571039210569551869e+00 9.099127152689597153e+00 8.641179468172854428e+00 7.778948908567604903e+00 5.080461708428503087e+00
1.224823064909901227e+01 1.083859703975500111e+01 1.006839030478783492e+01 8.860943427293536345e+00 8.432908550846002882e+00 7.932701350044688127e+00 7.241092087570094371e+00 4.400691316534848241e+00
1.353934223728633057e+01 1.233688248811820287e+01 1.167148604415125490e+01 1.061788653720281594e+01 1.012607023613262314e+01 9.892235298494137297e+00 9.063044129931165926e+00 5.645504974876500270e+00
1.156249129305717105e+01 1.069075167525356207e+01 1.012718940440325355e+01 9.112736558882909677e+00 8.842193935266779548e+00 8.455448653283744065e+00 7.357859657398446274e+00 3.734656823590716268e+00
1.560029745347518038e+01 1.404400750845036505e+01 1.354774184626406530e+01 1.312473663061788898e+01 1.307310552961050831e+01 1.299195115848937832e+01 1.278994936948567585e+01 9.612745100035642309e+00
1.371830239802909013e+01 1.276938294331455026e+01 1.235067254992986641e+01 1.177047262426833640e+01 1.155017701737060598e+01 1.127923644581955998e+01 1.060303355310930407e+01 7.986833422779348268e+00
1.378739838961364761e+01 1.274386663242122353e+01 1.235922169807520987e+01 1.179442365883797095e+01 1.160706192275408100e+01 1.127617371824629444e+01 1.054277909647882971e+01 7.449491534779282276e+00
1.524671149026034023e+01 1.431185661908009621e+01 1.392164487505564452e+01 1.272179064215422528e+01 1.232566405452820213e+01 1.196634997772482834e+01 1.128148753438911633e+01 9.064528767906253393e+00
1.330704777857009979e+01 1.177317490243957643e+01 1.089636900919286333e+01 1.044177533166269711e+01 9.867630097989403382e+00 9.261679957901222338e+00 8.169962852811156750e+00 4.520938082473792363e+00
1.310029745347518038e+01 1.224089151083243898e+01 1.190808153692987936e+01 1.155457304758146364e+01 1.143553140923602562e+01 1.124601243974284337e+01 1.101415174783923767e+01 7.303061117747552622e+00
1.556764127137707732e+01 1.431749681984065603e+01 1.373887712921706594e+01 1.336187004561405267e+01 1.332826014619674382e+01 1.318842001335711167e+01 1.326158529983201717e+01 9.849710898481143673e+00
1.340282211651309652e+01 1.243218364674797272e+01 1.177496775704681653e+01 1.071795934241650805e+01 1.027883319213719737e+01 9.833982604972010932e+00 9.063044129931165926e+00 5.246464863452757754e+00
1.161245278788608992e+01 1.025991228708680225e+01 9.527733076050978411e+00 8.610575913547339866e+00 8.312822878486702649e+00 7.980133504896964602e+00 7.268101843725357725e+00 4.445378125959108750e+00
9.515722424910892485e+00 8.587780279280377016e+00 8.110367146271883598e+00 7.163382413082388211e+00 6.984125585881065135e+00 6.670002217734865013e+00 5.955449008215429885e+00 2.365717127503970563e+00
1.031735338916890576e+01 8.996700626691453095e+00 8.071085583249974604e+00 7.052964706522113048e+00 6.742602188008289588e+00 6.477189560938621860e+00 6.062610493355926167e+00 2.498480424937734146e+00
1.153134678933596646e+01 1.059128377914654529e+01 1.009650155028699103e+01 9.190575081196644902e+00 9.010601384942592773e+00 8.663004046320093465e+00 8.034437932241955238e+00 5.435675787910138723e+00
1.089037801232572100e+01 9.846044873334216518e+00 9.218024719922892629e+00 8.469634747119915374e+00 8.062910748559410479e+00 7.669256854805674983e+00 6.460861921924139217e+00 3.151030361889292752e+00
8.089693325945397362e+00 6.863705334075688391e+00 6.228729988024896969e+00 5.870452985210038221e+00 5.777633903007178162e+00 5.474272566482590641e+00 4.922105045024033565e+00 1.490049092267474729e+00
9.392210284466241177e+00 8.397554856604170226e+00 7.847712733702878474e+00 7.209714187373721828e+00 6.972913064151389229e+00 6.462566630072954510e+00 5.988603834885022792e+00 3.131813290223565360e+00
1.043276134843720904e+01 9.184600556978207209e+00 8.449714148018719229e+00 7.382518504137824067e+00 6.911473994210347804e+00 6.648243248930168825e+00 6.058114684842019315e+00 2.552973247674845236e+00
1.036395866430905244e+01 8.634993639681312061e+00 7.549477556975533687e+00 5.763842347368707486e+00 5.240463962534311015e+00 4.550371480177529904e+00 3.792566571386802643e+00 1.263483371820034451e+00
1.332437372396856112e+01 1.122946504190481143e+01 9.978553856048318238e+00 9.247038559081291353e+00 8.678398465084290692e+00 8.026661456659606841e+00 6.856508126725802121e+00 3.409349330878349349e+00
1.269659169023251977e+01 1.094714046906659988e+01 1.007012609445372142e+01 9.250909280488443187e+00 8.729673783453844038e+00 8.102884762029358257e+00 6.810689674001972449e+00 3.258674646802700359e+00
9.904847671943734611e+00 8.716383724570619052e+00 7.938926110361580690e+00 7.129886608937794357e+00 6.939953953787826535e+00 6.565322340798532608e+00 5.748013420553520270e+00 3.010908382660081095e+00
9.898625670934498189e+00 8.722904682339438054e+00 8.205878027947457909e+00 7.805539695682066181e+00 7.566653431238250960e+00 6.937851328364594394e+00 6.151770663666501271e+00 3.823539391196204562e+00
8.439414492227752973e+00 7.667013601834273828e+00 7.207290528549985531e+00 6.385589191292848632e+00 6.237200581048359282e+00 5.983112218659144332e+00 5.305539695682066181e+00 2.091662181193485015e+00
1.130765105111993662e+01 1.008372904825436400e+01 9.317551105293768288e+00 8.508071901037300933e+00 8.093786844525483914e+00 7.702873664123791819e+00 6.964679852118252690e+00 3.734656823590716268e+00
9.213231047775297000e+00 8.412194218226801468e+00 7.996545010409724874e+00 6.725992793085469934e+00 6.358962395284245339e+00 5.810753345192423147e+00 5.000508025996054151e+00 2.468527181729948783e+00
1.068267347836450121e+01 9.430634633777541964e+00 8.903698413487836305e+00 8.396616569405450647e+00 8.317944285174874608e+00 8.119461209276890301e+00 7.629872433805420684e+00 3.173417468521608775e+00
1.087502080855809439e+01 9.864604918532233313e+00 9.291801213694238726e+00 8.610575913547339866e+00 8.178432512677902722e+00 7.802946469337483038e+00 6.828785696311770792e+00 3.478250534693045903e+00
8.356874377157366141e+00 7.514946457142923641e+00 7.129319041866248874e+00 6.722209736279869396e+00 6.557760770239504211e+00 6.228309826846414765e+00 5.520676832885310859e+00 2.295477364878653947e+00
9.233214486822475919e+00 8.246231818996552221e+00 7.610834909669348392e+00 6.640400124258309944e+00 6.305385793215013912e+00 5.928472453074978610e+00 4.947615439233155499e+00 1.564528767906252282e+00
1.252340929676408088e+01 1.100176386853648047e+01 1.004947755697553546e+01 9.320981089489052351e+00 8.854745938704406072e+00 8.040551661519826254e+00 6.784098886887509394e+00 2.523052590076232171e+00
1.313274577603795379e+01 1.094968020403697118e+01 9.669405061625500508e+00 8.722583405571450399e+00 8.290070879831205275e+00 7.674787871376183901e+00 6.856508126725802121e+00 3.572041437862768731e+00
1.014090070345463879e+01 8.659393232904202264e+00 7.749136463811937325e+00 6.909265943892913597e+00 6.950829532581796144e+00 6.208015101290965454e+00 5.342038467107787625e+00 1.761197747801986235e+00
9.243345846850468561e+00 8.350135258914219705e+00 7.929210285305600792e+00 7.563264663161925583e+00 7.320530540450556067e+00 7.197135631022097968e+00 6.801753523106227384e+00 4.581272281765590648e+00
1.046363744440328247e+01 9.549920646173800876e+00 9.148943998352818241e+00 8.568406100329099218e+00 8.259241545551068597e+00 7.810460244686795228e+00 6.934093711075723476e+00 3.954641513099188543e+00
1.046363744440328247e+01 9.357820570591995235e+00 8.796447714197350720e+00 8.657813162796442086e+00 8.508224320974747457e+00 8.378569698444453095e+00 8.227968490513900335e+00 3.739408411939301846e+00
1.446461952430453124e+01 1.304827870387748945e+01 1.220108984804865315e+01 1.185885944967060368e+01 1.186336388694467736e+01 1.111450156080119278e+01 9.347188445427693892e+00 5.978250534693046347e+00
1.557109353566804089e+01 1.458552174396032619e+01 1.379644771419735072e+01 1.279028319821493120e+01 1.261258265641585652e+01 1.143389866219106210e+01 8.518468796090502337e+00 5.594370400299433221e+00
1.144551555306106394e+01 1.057315754504670124e+01 1.014938580683808311e+01 9.429645323941779012e+00 9.201292023453136792e+00 8.832669848705682725e+00 8.076799724278615145e+00 5.356837731952246884e+00
6.565367417135751005e+00 6.505149978319906268e+00 6.415629700640947952e+00 6.389751763310695054e+00 6.410879992701151053e+00 6.219565595382828604e+00 6.005568808243252121e+00 3.925992457681561909e+00
1.223214537408548708e+01 1.137350528470816080e+01 1.095755343265086523e+01 1.034730392943919774e+01 1.009266033223766890e+01 9.833982604972010932e+00 9.454388436631171899e+00 6.963780875075031851e+00
8.124239685040002712e+00 7.805301156803717610e+00 7.587638348375368658e+00 7.454210297118671669e+00 7.416865867946869528e+00 7.375270325135906191e+00 7.302837250289520021e+00 6.055836119042967702e+00
1.514868379201499593e+01 1.424636523896014317e+01 1.389778158029006860e+01 1.356840610032909922e+01 1.354714376404136900e+01 1.343963119677299822e+01 1.379814877496753311e+01 9.755901732450642072e+00
1.111273072066767398e+01 1.006781221150499839e+01 9.576235561569880872e+00 8.441674329738631855e+00 7.965905538407030306e+00 7.630244171479235504e+00 6.944193655580073177e+00 4.436292414321373556e+00
1.212576449737182749e+01 1.093202556781825407e+01 1.038653393639862976e+01 1.001126735820875524e+01 9.755913897494028930e+00 9.544149479168293482e+00 8.792566571386803531e+00 6.268363093313839229e+00
1.410645423005995269e+01 1.320283791736760470e+01 1.276564988030825454e+01 1.201521804739864052e+01 1.165038881683386762e+01 1.119943216169497902e+01 1.056819410825107219e+01 8.937361527058364175e+00
1.367926510348426206e+01 1.274519475026849236e+01 1.224912792265920558e+01 1.158409639481626030e+01 1.126202940384978213e+01 1.093963119677299822e+01 1.031229040885851767e+01 7.827660723105904772e+00
1.037352468394168348e+01 9.436928774330656466e+00 9.063183420427852965e+00 8.710730272511822747e+00 8.664182403333892779e+00 8.525975793054188401e+00 7.742359687013556702e+00 3.289697791757250744e+00
1.042266140393286022e+01 9.357820570591995235e+00 8.946044468278536499e+00 8.694350320822652023e+00 8.650150076124511145e+00 8.523549565888670188e+00 8.427246482191208088e+00 7.347065985590309545e+00
1.377851706234281259e+01 1.253775916260658008e+01 1.210188845771937594e+01 1.179644363375505556e+01 1.176693342930287933e+01 1.162269533597595483e+01 1.155592452274910187e+01 9.300398258514892547e+00
1.483243843210544455e+01 1.385858084071425722e+01 1.330034943017095728e+01 1.268909934057867872e+01 1.207416610119476807e+01 1.131350930077710260e+01 1.016084027153135239e+01 4.751054687772175100e+00
1.634696847917611251e+01 1.476624058920963733e+01 1.372872998802489697e+01 1.263088098026460493e+01 1.212428590122258854e+01 1.175215589503430813e+01 1.132076909741102533e+01 9.400691316534848241e+00
1.456934992762497494e+01 1.349644162158117489e+01 1.305739389859703792e+01 1.278023001338262077e+01 1.274803009910977991e+01 1.265609625482478151e+01 1.236232465151050519e+01 9.473100556373140080e+00
1.391500105176682034e+01 1.231878646580840453e+01 1.138022212147266288e+01 1.018909934057867872e+01 9.736781486922714279e+00 9.320648451095015830e+00 8.419321365217442121e+00 5.553102298978624951e+00
1.149295817729746005e+01 1.068078157576595189e+01 1.029303168197201401e+01 9.848373042176188363e+00 9.667895626925611552e+00 9.443491529125155992e+00 8.646890942172696271e+00 5.433406745904028057e+00
1.640253551638998530e+01 1.539150436215909323e+01 1.444651869084726492e+01 1.318115120036474153e+01 1.246258783222764244e+01 1.166561539881848830e+01 1.047515224699085046e+01 7.269343770496514701e+00
1.301603665643704666e+01 1.210009560311213583e+01 1.164153280094346954e+01 1.102781310315238628e+01 1.073281745760631445e+01 1.030920433222199328e+01 9.609364321327820591e+00 7.397071387577303980e+00
1.126751660142474165e+01 1.060415463848049455e+01 1.017204547182623209e+01 9.483533260975489654e+00 9.070519274334827742e+00 8.601404463449636495e+00 7.867862599618472785e+00 5.777181962042485353e+00
1.241110553482824663e+01 1.094207875265056273e+01 1.015876992925587885e+01 8.866372119627122572e+00 8.305185781079551077e+00 7.847528412175024393e+00 7.128433724009333616e+00 4.952398460758764109e+00
1.397426115085089471e+01 1.278581306070186940e+01 1.208620159364718205e+01 1.123939824039371516e+01 1.075802639578263964e+01 1.027461595366266245e+01 9.375390971451915689e+00 6.508195523668200977e+00
1.274671149026034023e+01 1.164529359632112460e+01 1.099762204623624129e+01 1.017993695536266507e+01 9.916865867946869528e+00 9.690016023840032133e+00 9.129313006130443497e+00 5.828134945674636747e+00
1.583755207300260537e+01 1.446895871373057041e+01 1.385157306605503535e+01 1.346963474711991537e+01 1.334129435081023374e+01 1.333086014583095746e+01 1.309129575008835467e+01 9.736642048637701663e+00
1.405106238537096175e+01 1.320893186903310124e+01 1.258940520996099011e+01 1.180660026726632594e+01 1.152773850155696600e+01 1.119658619360475882e+01 1.048304854510292472e+01 7.519950484523789669e+00
1.564254932982068524e+01 1.415986745547293424e+01 1.350993676658951514e+01 1.303255823073507358e+01 1.296590553840703031e+01 1.267812005671729914e+01 1.250220316483337868e+01 9.520938082473792363e+00
1.444810610780821492e+01 1.317090219727653277e+01 1.263269610870855075e+01 1.230230459582559988e+01 1.226560803515203446e+01 1.209495342301507037e+01 1.185650812672580301e+01 9.137602812054378632e+00
1.109952438333164260e+01 1.001494645714292275e+01 9.436781081138455818e+00 8.741821759714165196e+00 8.435765753033733105e+00 8.285159103540083336e+00 7.603481712895562517e+00 5.085385690585764173e+00
1.328858484752284141e+01 1.208552174396032619e+01 1.141562970064094884e+01 1.074833156636549347e+01 1.036834526865276374e+01 1.003843715391738556e+01 9.275378067272956883e+00 6.105196264532360750e+00
1.105183235601906233e+01 9.972776643924683881e+00 9.506852890139064982e+00 9.282382098758496625e+00 9.181211785493163191e+00 9.029978801121329113e+00 8.646890942172696271e+00 4.253524668482794979e+00
1.302152850529720673e+01 1.202910717421347364e+01 1.150303495994495151e+01 1.094167432973863185e+01 1.077023953023975089e+01 1.060617986684914094e+01 1.036786259961847101e+01 9.349387148673343972e+00
1.518038637141271785e+01 1.370025064609182408e+01 1.299397521937630273e+01 1.250736883981995184e+01 1.238923750174816618e+01 1.221877892985334491e+01 1.152101038240704156e+01 6.617180839360812250e+00
1.308969332594539736e+01 1.162616118574980995e+01 1.086340989882930153e+01 1.007977807965824368e+01 9.732050602728453015e+00 9.252155895034309907e+00 8.484403689589967712e+00 6.225215579710074998e+00
1.074849582517037483e+01 9.874005290715500038e+00 9.446518690847266697e+00 8.344905072255823342e+00 7.975225219705138535e+00 7.619651539121098160e+00 6.819699984674035598e+00 3.630744177486575630e+00
1.373092737987069256e+01 1.254879316209168394e+01 1.198636669360088547e+01 1.159748006141577470e+01 1.148420649776276115e+01 1.135545975118930961e+01 1.104031533203464832e+01 8.580235712265857018e+00
1.344590620785886159e+01 1.279690624741811789e+01 1.263269610870855075e+01 1.096963474711991537e+01 1.001643702686791748e+01 8.958941464084873019e+00 7.566859819442719015e+00 4.809421629228966211e+00
1.428484400139912402e+01 1.320081417735064200e+01 1.267013899863268023e+01 1.227368910102200239e+01 1.217235450877665492e+01 1.211463498076478373e+01 1.199615267038830524e+01 9.186803161207512503e+00
1.534507581958293798e+01 1.382573253420665438e+01 1.320900245083672431e+01 1.254699864799792408e+01 1.238923750174816618e+01 1.224832459529659090e+01 1.213688307563778501e+01 8.966316208432902002e+00
1.087807492085254424e+01 1.002574989159952956e+01 9.687571735388376126e+00 9.237421700771678346e+00 9.164290878786916394e+00 9.007039859049047692e+00 8.527154732053755737e+00 4.418345952753565342e+00
1.212094969478173034e+01 1.111113034491573615e+01 1.045862254538785407e+01 9.680525972489462561e+00 9.333524983512344164e+00 9.077363900878008707e+00 8.488603834885022792e+00 5.831400320180345709e+00
1.438445499288753382e+01 1.275587858756884962e+01 1.207403325613981693e+01 1.158409639481626030e+01 1.157308906536824900e+01 1.142684840232194254e+01 1.124891300501006697e+01 8.635061225737841184e+00
1.042266140393286022e+01 9.039620689533990117e+00 8.381596860166563800e+00 7.670851243724929880e+00 7.280313490716919134e+00 6.742714651153668193e+00 5.911453677131977003e+00 3.170593705669184192e+00
1.096230736875078193e+01 1.002792353838110273e+01 9.566360176820627004e+00 9.124752734390773057e+00 8.871710912062635401e+00 8.533287175597479290e+00 7.823635717991864524e+00 5.016857216890876714e+00
1.725908810162596652e+01 1.490270483492407649e+01 1.391562970064094884e+01 1.294759698745915344e+01 1.277105010357684023e+01 1.226340450722137376e+01 1.082484996299394098e+01 6.784547813437344921e+00
1.618533633759716395e+01 1.458552174396032619e+01 1.411238376958098684e+01 1.355811468484201932e+01 1.346036042957486600e+01 1.318132367303110897e+01 1.281455000635413022e+01 7.910973381631385415e+00
1.069552257749552915e+01 9.622329886012092715e+00 9.202289137178672362e+00 8.589286286241014423e+00 8.244748744759425207e+00 7.884560764078853090e+00 7.127232023604689104e+00 4.661733990194093735e+00
9.155397105673049651e+00 8.145628772050933719e+00 7.517566539374759493e+00 6.676001222044836148e+00 6.317517050201043816e+00 5.980779809159029625e+00 5.153015111858775477e+00 1.283135242340139870e+00
1.067376873784223790e+01 9.942190502882155556e+00 9.527733076050978411e+00 9.136903386276898686e+00 9.073089065368248995e+00 8.940995002517064805e+00 8.759662956241875520e+00 5.945067558629362203e+00
1.500957807526417831e+01 1.349114533690935502e+01 1.280374979670009594e+01 1.217478132308376537e+01 1.206603320770046217e+01 1.194349152912515422e+01 1.197506975154614572e+01 9.349387148673343972e+00
1.335687437715736614e+01 1.180624556677396519e+01 1.096941952021202127e+01 1.012219504430134975e+01 9.755913897494028930e+00 9.224074945204689513e+00 8.343098059847690706e+00 2.535550411004940052e+00
9.655110505549938438e+00 8.608183976201878806e+00 8.062849870906122263e+00 7.596546539675709475e+00 7.275389508559657159e+00 6.966349977724829223e+00 6.206946961548865715e+00 2.977350950236500982e+00
1.119144171191261350e+01 1.040373813897002009e+01 1.010364457739819422e+01 9.683409735684792352e+00 9.487888973374356993e+00 9.233354798318980983e+00 8.467763728568703741e+00 6.143747161701095472e+00
1.257325512161954961e+01 1.151794858865998528e+01 1.091891105499130177e+01 1.012652932632385117e+01 9.867630097989403382e+00 9.437851328364594394e+00 8.815069681673779911e+00 6.360170110875689176e+00
1.233829147164269990e+01 1.147999666330016666e+01 1.085621956655814735e+01 9.972898128605867996e+00 9.574166101194768075e+00 9.210302208242747923e+00 8.463643282618519947e+00 5.818397335965825867e+00
1.645068573523449729e+01 1.508602205059504797e+01 1.393377613204167531e+01 1.239297511341826308e+01 1.156284619501563782e+01 1.079493177262228265e+01 9.607004024300975331e+00 6.113645616160812146e+00
1.606628496482681001e+01 1.458552174396032619e+01 1.357808375466474438e+01 1.253495708791844798e+01 1.224630554978962671e+01 1.201961202343429669e+01 1.149386556343652011e+01 8.164968116893158268e+00
1.457394078522496805e+01 1.272805466065934432e+01 1.175839130979928626e+01 1.089661656940545065e+01 1.069434934942726834e+01 1.050540160695993208e+01 1.033510083197085905e+01 6.824616427022721865e+00
1.425700308610422518e+01 1.295088315174544036e+01 1.209177806304389868e+01 1.117478697704275881e+01 1.078259161118642773e+01 1.042429560840980685e+01 9.847512195235493593e+00 7.487902535516338887e+00
1.183905174176496189e+01 1.099114533690935502e+01 1.058495213449964112e+01 9.921361990611067938e+00 9.484125585881065135e+00 8.958941464084873019e+00 8.166829412815912903e+00 5.764808765970879101e+00
1.468018635927725590e+01 1.322742167414021353e+01 1.260543770118273699e+01 1.218052597248946256e+01 1.209061696447307099e+01 1.188836617726746780e+01 1.166011609915786096e+01 8.996064266682171962e+00
1.250272798184910528e+01 1.134752061395218448e+01 1.075698092855381915e+01 1.024575930216853692e+01 1.022548805331134147e+01 9.740862461422937102e+00 9.136932238835456133e+00 5.702066523939235410e+00
1.497575178164033893e+01 1.357343745241048083e+01 1.284995831093512919e+01 1.199561054017410378e+01 1.165315502522129165e+01 1.133913258329191542e+01 1.075139051878091578e+01 7.742655258825815956e+00
1.077459320795698439e+01 9.766240589209637335e+00 9.274967757046818306e+00 8.706025016156363705e+00 8.434336212070455474e+00 8.086557594131964066e+00 7.480370146605412884e+00 5.045019100709371429e+00
1.049541735819362742e+01 8.766273183956576176e+00 7.877273869991668676e+00 7.065844290588207066e+00 6.661496189458164352e+00 6.083329959402197673e+00 5.319083358262800765e+00 3.065830887958604478e+00
1.349928647942029336e+01 1.143932763151403265e+01 9.976958358031946972e+00 8.610575913547339866e+00 7.810535771534919292e+00 7.619651539121098160e+00 7.172605356102571328e+00 4.418345952753565342e+00
1.243009848920454807e+01 1.139628380278880471e+01 1.076683639293897343e+01 9.950511021973550640e+00 9.672354508776653148e+00 9.315610223006702384e+00 8.646890942172696271e+00 5.227549120121846471e+00
1.241110553482824663e+01 1.072949566943134414e+01 9.799390217103500333e+00 8.978048106925774263e+00 8.587510353917762629e+00 8.153393227250075981e+00 7.612833503741774699e+00 5.456313422652727674e+00
1.061940881520257562e+01 9.774823528805622885e+00 9.389361483448505297e+00 8.830244476629133032e+00 8.481041744489841605e+00 8.232000560838802272e+00 7.721398877624912060e+00 4.276708528805198029e+00
1.092016903344640255e+01 9.864604918532233313e+00 9.389361483448505297e+00 8.610575913547339866e+00 8.261675932680248025e+00 7.830754970242245427e+00 6.975069751546146612e+00 4.728322190265383362e+00
1.299541735819362742e+01 1.234604487333421652e+01 1.183506335921541464e+01 1.108928628624101620e+01 1.061486976336763988e+01 1.017589746391502459e+01 9.319699984674036486e+00 6.360170110875689176e+00
1.235009306832415987e+01 1.038241865052135893e+01 9.317551105293768288e+00 8.336520967236854318e+00 7.984625591888406149e+00 7.640941166427422715e+00 7.044028555626367982e+00 3.903605351049245886e+00
1.541265454779867383e+01 1.435196753105473988e+01 1.385724271969459132e+01 1.363119521179075733e+01 1.363801881913848035e+01 1.354311290966855985e+01 1.357621070715181943e+01 9.097135909321190539e+00
1.132136579606501492e+01 9.130912774098394635e+00 7.805906175174090578e+00 6.729789077389325413e+00 6.402052820463318028e+00 5.964591749039501067e+00 5.151067602449151295e+00 2.489407367641863100e+00
1.414915722525228503e+01 1.275856605479435402e+01 1.194651869084726492e+01 1.099833429132849005e+01 1.061486976336763988e+01 1.013024417147923373e+01 9.347188445427693892e+00 6.738339299202311672e+00
1.131677493846502180e+01 1.020476026095774635e+01 9.798037274617207970e+00 9.616229369684038630e+00 9.476637720307666157e+00 9.483815279876493420e+00 9.275378067272956883e+00 7.392929985716547137e+00
1.327043063593913885e+01 1.193063463377754196e+01 1.107808375466474438e+01 1.018450848297868561e+01 9.765608035152032684e+00 9.335904948562150807e+00 8.354195971172051927e+00 4.777985264020234268e+00
1.324443192945352976e+01 1.143534327399764017e+01 1.053584011475086157e+01 9.879055227820908058e+00 9.624285901222588535e+00 9.325710167511051196e+00 8.759662956241875520e+00 6.161330318529104844e+00
1.595736095379556296e+01 1.448864027148028377e+01 1.392769356036417605e+01 1.359987891859915088e+01 1.355350241299047198e+01 1.356052486000061563e+01 1.326843539324708843e+01 9.341067290301024784e+00
1.336138263085166145e+01 1.181185661908009443e+01 1.085621956655814735e+01 9.882518504137824067e+00 9.603120782569305902e+00 9.178829389972698038e+00 8.891603094020862130e+00 6.248974431571933330e+00
1.303705513033454721e+01 1.159346988417426338e+01 1.079018645857433256e+01 9.984267197982671149e+00 9.624285901222588535e+00 9.174406833125580363e+00 8.346784773762705001e+00 5.684786537898411041e+00
1.014090070345463879e+01 9.328865889217457408e+00 8.897781580290068604e+00 8.195725059516551170e+00 7.725488053311341474e+00 7.375270325135906191e+00 6.591998811305703754e+00 4.300398258514891658e+00
1.175700308610422518e+01 1.066306291264438499e+01 1.015688660492458162e+01 1.007977807965824368e+01 1.026332241113398425e+01 9.733451264013588400e+00 9.232794719026006902e+00 5.422132125329405028e+00
1.395068573523449551e+01 1.297853635511450499e+01 1.231851059409002147e+01 1.146010164535796605e+01 1.101128704854801299e+01 1.054678258940874613e+01 9.774960591769547236e+00 6.672516952396438938e+00
1.098400612425070300e+01 9.571140921737598006e+00 8.857242719694591315e+00 8.303617352091926307e+00 7.859895917024312340e+00 7.558178356032470013e+00 7.129636755938243198e+00 4.708378338865202295e+00
1.456934992762497494e+01 1.308763424224893868e+01 1.231438492906971938e+01 1.144830004867650430e+01 1.116065728268933022e+01 1.086173624179703090e+01 1.043650986933128699e+01 7.464104624882832439e+00
1.561700141686646859e+01 1.448204003106476456e+01 1.378044148517452427e+01 1.318841367697326028e+01 1.305281080405505989e+01 1.294543325599682859e+01 1.288703724728478939e+01 9.782954317109018305e+00
1.225364580349028110e+01 1.146763520675751025e+01 1.090758153092254190e+01 1.019370969232460311e+01 9.856985540133049284e+00 9.495616876557955166e+00 8.666542812692801689e+00 5.749537962830749471e+00
1.252340929676408088e+01 1.173582402795723567e+01 1.128044148517452427e+01 1.052626409018195552e+01 1.018892782453951185e+01 9.842115498466315060e+00 9.394608043117644414e+00 7.011200472764982372e+00
1.325940783867650019e+01 1.193692877433065647e+01 1.117455503994540855e+01 1.052000622729744705e+01 1.031053577153491929e+01 1.009877135320918384e+01 9.655213328762977554e+00 5.851201529270588786e+00
1.008056650416284050e+01 9.482040031064764563e+00 9.141532800943469539e+00 8.729757899990936210e+00 8.632860917729047401e+00 8.538188927511299653e+00 8.169962852811156750e+00 5.576122303445685269e+00
1.328717754181089283e+01 1.203600076057644586e+01 1.147100502054503757e+01 1.098868323929539592e+01 1.089092898402824261e+01 1.077740381196137776e+01 1.065129644109777018e+01 8.129095551120530061e+00
1.132136579606501492e+01 1.036298995499670994e+01 1.002088176700324240e+01 9.669066908814897943e+00 9.549947932686936980e+00 9.346196364049230709e+00 8.885520522343364647e+00 7.102152467677504966e+00
1.261788069898757847e+01 1.193692877433065647e+01 1.147733586183352372e+01 1.079554492676642852e+01 1.046590553840703031e+01 1.003843715391738556e+01 9.183805828867553700e+00 6.004779440629710585e+00
1.162455025236974926e+01 1.076109061088973107e+01 1.035898735427750239e+01 9.921361990611067938e+00 9.704090185347167719e+00 9.393754457332807561e+00 8.681518721915770342e+00 6.126444226500891155e+00
1.227558061425904334e+01 1.145947173818809262e+01 1.103922622453428559e+01 1.052626409018195552e+01 1.024803009910977991e+01 9.883719676764359363e+00 9.136932238835456133e+00 6.514312363535919026e+00
1.196461952430453124e+01 1.124270589142968291e+01 1.079018645857433256e+01 1.001517992534282264e+01 9.741533075271300746e+00 9.437851328364594394e+00 8.838049083451849697e+00 7.371105407569308099e+00
1.008792745577979311e+01 9.093469884174263385e+00 8.578083754664746152e+00 7.918795929884626439e+00 7.619305502692810705e+00 7.294207600248791223e+00 6.660116099157860070e+00 4.245905435777781456e+00
1.179547119428326951e+01 1.061905348228093970e+01 1.005460299310957772e+01 9.327203090498288773e+00 9.086030055338040867e+00 8.641179468172854428e+00 8.160589532395148282e+00 5.905841294854754508e+00
1.309321654008545366e+01 1.184614587525828355e+01 1.103077687290583420e+01 1.023610825013544279e+01 9.727340243042073453e+00 9.330795592287184803e+00 8.531523897727558037e+00 5.777181962042485353e+00
1.217008641477290709e+01 1.114407935131904637e+01 1.057938424432424362e+01 9.879055227820908058e+00 9.484125585881065135e+00 9.041632611088839866e+00 8.227968490513900335e+00 5.555636106907505756e+00
1.514090070345463879e+01 1.373938050994881621e+01 1.308774682382839316e+01 1.257977807965824368e+01 1.244521568233932385e+01 1.227102373992638817e+01 1.231991340104291766e+01 1.034842113007735520e+01
1.143269679489343460e+01 9.993656829836599087e+00 9.343926561127039676e+00 8.387825135098358587e+00 7.748030099109780799e+00 7.001566130921341724e+00 6.044737888881766885e+00 3.914741204614871073e+00
8.437797610015669747e+00 8.055328963746610782e+00 7.793031681972012237e+00 7.617877996050085088e+00 7.456766176431186111e+00 7.286424511688434080e+00 7.092948990426847899e+00 6.365505434657404038e+00
9.327991515002887368e+00 8.069568331183813115e+00 7.369281536334804095e+00 6.964484768800009995e+00 6.914993401521324579e+00 6.639660309334184163e+00 6.397719933888581068e+00 4.936505830690254726e+00
