2
11
15
21
26
32
38
65
75
87
89
104
107
116
120
124
133
157
161
164
167
175
179
188
189
196
199
206
229
251
258
272
278
317
331
337
345
354
359
363
364
382
391
395
398
399
403
404
414
417
425
429
437
448
449
456
459
462
471
490
507
509
518
522
525
526
528
536
537
538
563
571
578
580
582
583
586
587
588
597
598
600
611
634
638
673
678
686
695
729
773
851
890
897
902
905
916
930
947
960
965
978
990
991
1006
1013
1016
1041
1045
1052
1053
1093
1130
1171
1172
1189
1218
1254
1268
1278
1307
1312
1409
1433
1455
1508
1509
1510
1514
1516
1521
1528
1534
1540
1559
1571
1582
1583
1591
1602
1612
1614
1620
1623
1637
1638
1645
1660
1663
1672
1676
1687
1689
1690
1693
1694
1697
1699
1702
1709
1725
1727
1736
1737
1738
1739
1755
1756
1765
1766
1767
1777
1783
1788
1789
1791
1792
1800
1820
1826
1849
1855
1860
1865
1869
1870
1872
1874
1878
1879
1881
1882
1887
1893
1901
1907
1920
1925
1935
1942
1945
1946
1952
1962
1963
1964
1966
1967
1969
1978
1979
1991
1995
1996
1997
2012
2013
2016
2021
2033
2034
2047
2053
2054
2062
2063
2069
2077
2080
2084
2095
2096
2098
2101
2111
2113
2123
2137
2144
2145
2147
2149
2156
2159
2164
2166
2175
2185
2189
2191
2202
2206
2212
2241
2257
2281
2396
2424
2495
2508
2509
2514
2593
2609
2629
2636
2643
2661
2687
2719
2720
2726
2743
2748
2794
2831
2852
2862
2883
2887
2937
2946
2967
2984
3001
3053
3062
3075
3082
3119
3125
3141
3177
3203
3207
3221
3223
3245
3247
3251
3254
3258
3290
3308
3309
3314
3319
3325
3329
3345
3385
3390
3395
3409
3412
3431
3433
3472
3482
3483
3495
3518
3531
3537
3548
3550
3561
3568
3575
3597
3605
3609
3619
3622
3647
3662
3666
3670
3682
3694
3729
3732
3763
3772
3774
3780
3783
3792
3802
3807
3817
3828
3831
3846
3854
3860
3880
3888
3915
3946
3948
3962
3983
3993
4001
4030
4044
4050
4076
4134
4136
4143
4144
4149
4176
4181
4188
4195
4218
4225
4228
4247
4265
4266
4281
4283
4286
4298
4308
4322
4335
4341
4354
4357
4374
4384
4392
4401
4405
4428
4434
4436
4449
4452
4455
4461
4468
4478
4482
4487
4496
4499
4507
4517
4519
4522
4578
4674
4680
4685
4686
4698
4736
4744
4767
4787
4809
4816
4820
4824
4825
4826
4885
4936
4978
4980
4981
4984
4993
4999
5017
5059
