1.652855927508398537e+01 1.537640347610666325e+01 1.477927099648287168e+01 1.425479385065999871e+01 1.417271836900118309e+01 1.333086014583095746e+01 1.108078223476783819e+01 7.915423126403849707e+00
1.613963529530628804e+01 1.472431506358490516e+01 1.384032181298834630e+01 1.393807784346544842e+01 1.385474593870440785e+01 1.157736390087800871e+01 9.475069751546147501e+00 6.496064266682171073e+00
1.619553111864826178e+01 1.524121526064023691e+01 1.475951782208710128e+01 1.447158884782932020e+01 1.443995395378782476e+01 1.467591535545830084e+01 1.444419365558007229e+01 8.003629676932128234e+00
1.673995821163805431e+01 1.571711071151156602e+01 1.573112884520827137e+01 1.517993695536266507e+01 1.514662106174935019e+01 1.516265661439015489e+01 1.488037054402345838e+01 7.736965798445502251e+00
1.558969332594539736e+01 1.483688248811820287e+01 1.456308824203476959e+01 1.432305113054462886e+01 1.427930662537448470e+01 1.426647350301552564e+01 1.461528761045851788e+01 9.940817164766000857e+00
1.552152850529720673e+01 1.448864027148028377e+01 1.404276144773428392e+01 1.351789763510838327e+01 1.346622928821483001e+01 1.222609031239663580e+01 1.015301511185877636e+01 6.900691316534848241e+00
1.565120066009445132e+01 1.384020923140889181e+01 1.300429108039817194e+01 1.233500996635322977e+01 1.215462780962327116e+01 1.234211549846631506e+01 1.262987243380542068e+01 8.670229845444655581e+00
1.496911117253098844e+01 1.343704052456224929e+01 1.251756653937475861e+01 1.146307219770280561e+01 1.110075120344263411e+01 1.074504819156543789e+01 1.025513320145975804e+01 7.707115500335075531e+00
1.480933679026816208e+01 1.396763520675751025e+01 1.364610617558666128e+01 1.333652096723685432e+01 1.319434934942726834e+01 1.346919233306178754e+01 1.204514156054675489e+01 6.028046106779314073e+00
1.658571648248274499e+01 1.528581306070186940e+01 1.472737408300591611e+01 1.405619234125187944e+01 1.367839846508429247e+01 1.344864150744506048e+01 1.289919567450654725e+01 7.337859203064752478e+00
1.593135405279614503e+01 1.490270483492407649e+01 1.460188845771937594e+01 1.464371783043769781e+01 1.453803845819677854e+01 1.242698182228553350e+01 1.118655695000408556e+01 6.443091019007325393e+00
1.654539273173140757e+01 1.538091172980095678e+01 1.482680925516429049e+01 1.287971637235011890e+01 1.200307434265484119e+01 1.123712505420023433e+01 1.033740845495380434e+01 7.001549420731886464e+00
1.679191722644628371e+01 1.566306291264438499e+01 1.492710231318424619e+01 1.428838618523752046e+01 1.406539786764665578e+01 1.402997880112133089e+01 1.388552052234336465e+01 9.215952192569996981e+00
1.566368052398819799e+01 1.440581672569501315e+01 1.369394370168731179e+01 1.321049720854285248e+01 1.295666517450712085e+01 1.263024417147923373e+01 1.166795538379000696e+01 5.583905392006042412e+00
1.507325512161954961e+01 1.416476920738675460e+01 1.368420609197850268e+01 1.324065848704630355e+01 1.292047061608556469e+01 1.247203958261871470e+01 1.158468742876241286e+01 6.577454351571478064e+00
1.643269679489343460e+01 1.551199774620353011e+01 1.468879372336740730e+01 1.477683161032075887e+01 1.362943587954249480e+01 1.224832459529659090e+01 1.005432851226617963e+01 6.841067290301024784e+00
1.464033835652363713e+01 1.320081417735064200e+01 1.256319952420073705e+01 1.241062974963698196e+01 1.246258783222764244e+01 1.234211549846631506e+01 1.171621827177847308e+01 7.940228147639203371e+00
1.685022579790284425e+01 1.607629090005750427e+01 1.482819855312065904e+01 1.263088098026460493e+01 1.185000081112171877e+01 1.110140446344963649e+01 1.020083507722666738e+01 7.040679284588876818e+00
1.717008641477290709e+01 1.612897846526661283e+01 1.533655399000485886e+01 1.483833534783409647e+01 1.475109909490393179e+01 1.341085362905069900e+01 1.095544900821542988e+01 7.690678473467157161e+00
1.657404178714903509e+01 1.595477756647374967e+01 1.502921439581298557e+01 1.412302797436998958e+01 1.266054094734670521e+01 1.238371967676435759e+01 1.174117882404497593e+01 7.081272281765590648e+00
1.750957807526418009e+01 1.596762666560477939e+01 1.460754629337180077e+01 1.352781310315238628e+01 1.285151181200534332e+01 1.227869681924557987e+01 1.095544900821542988e+01 6.293096194819112199e+00
1.637802575765487489e+01 1.549346649999239034e+01 1.556011845762968981e+01 1.487905522782090806e+01 1.467235450877665492e+01 1.400326338148595262e+01 1.103591071664393297e+01 7.982081834430763578e+00
1.649026737987372115e+01 1.563225981961696931e+01 1.565409397667272273e+01 1.506326466316192558e+01 1.432700402574352339e+01 1.438300450610099546e+01 1.257227497383398784e+01 8.416399590747470683e+00
1.693994263923879728e+01 1.531517796751802152e+01 1.472231825917977233e+01 1.367023461731369416e+01 1.333475768925546490e+01 1.298602625317354153e+01 1.243957886512544064e+01 9.915202278601094932e+00
1.591067273788116765e+01 1.443692877433065647e+01 1.375946042253627333e+01 1.287424665697967718e+01 1.254125493495044452e+01 1.209495342301507037e+01 1.136747462983041146e+01 8.427061570418551639e+00
1.656825118033108168e+01 1.512695394916703506e+01 1.418677835617545924e+01 1.313163021698086119e+01 1.267464161572843651e+01 1.231789732995848397e+01 1.180175352310622650e+01 9.761991127014901792e+00
1.613188000372758069e+01 1.502792353838110273e+01 1.429180121369423873e+01 1.318115120036474153e+01 1.280252292184689011e+01 1.237527032513590797e+01 1.195438843663117190e+01 1.002616358419541243e+01
1.505161182278830267e+01 1.361113034491573615e+01 1.288421150512860081e+01 1.200292192271739466e+01 1.168691120123041038e+01 1.131350930077710260e+01 1.061192093865191133e+01 8.500949679322841845e+00
1.549541735819362742e+01 1.450196235524295219e+01 1.385724271969459132e+01 1.307110912790380830e+01 1.275564933181479432e+01 1.241819038797844144e+01 1.209644572840826093e+01 9.962634433453370519e+00
1.688059802185183145e+01 1.533665004908910845e+01 1.454902270335730385e+01 1.333652096723685432e+01 1.277883319213719737e+01 1.220430223265110570e+01 1.130940002803422395e+01 8.045536162403156055e+00
1.694401670107256663e+01 1.550860481780248712e+01 1.454902270335730385e+01 1.274092305272553816e+01 1.195082953258179614e+01 1.092847245307497772e+01 9.998815529620964426e+00 6.558123225994751060e+00
1.630992484504994877e+01 1.412616118574980995e+01 1.310751369862486193e+01 1.238251850413782407e+01 1.224153307527130075e+01 1.185658626347712463e+01 1.096364328261851995e+01 6.991983401099254536e+00
1.554602820789315665e+01 1.399670062669145310e+01 1.317815559753342747e+01 1.234837304217618836e+01 1.205394696558641954e+01 1.174742501084004687e+01 1.141627997908659964e+01 9.051755253460051165e+00
1.657404178714903509e+01 1.540527709912103305e+01 1.466341642975899084e+01 1.395123844344634101e+01 1.349908763700279479e+01 1.317427341316198941e+01 1.225586423659639479e+01 9.959700009492115313e+00
1.562545076849492176e+01 1.402656558789693619e+01 1.347740291062789630e+01 1.295345002699641057e+01 1.287686089038254167e+01 1.290630339213983646e+01 1.319857834761475068e+01 7.020938082473792363e+00
1.657114262333093535e+01 1.515961922906684833e+01 1.408399689238818198e+01 1.315257754591278783e+01 1.288544382997852722e+01 1.223345126401358840e+01 8.832258476633898070e+00 6.496064266682171073e+00
1.613575072513473074e+01 1.434614587525828355e+01 1.367936984253550214e+01 1.309091033699404960e+01 1.299410806443125388e+01 1.272820481999907649e+01 1.262796596061186882e+01 9.491983401099254536e+00
1.362609967310163661e+01 1.234604487333421652e+01 1.186187302269484789e+01 1.148409679223430579e+01 1.154014705038584054e+01 1.128538794218870045e+01 1.096776372856870196e+01 9.602152467677505854e+00
1.447297138244710446e+01 1.288846733582989224e+01 1.225301249283075933e+01 1.164215272545364854e+01 1.166990193109304741e+01 1.149574960613663777e+01 1.154885129770194041e+01 1.034006927193478020e+01
1.680261422139447092e+01 1.481878646580840453e+01 1.387443151465470947e+01 1.346023437493664865e+01 1.342721660488838964e+01 1.322277589868089187e+01 1.314208221715536240e+01 1.025604776948208041e+01
1.469551465440600424e+01 1.366868632420158036e+01 1.318425525517617380e+01 1.240353340931097748e+01 1.224153307527130075e+01 1.181059526626270539e+01 1.143516282381271232e+01 9.709541420074184970e+00
1.667433484516898901e+01 1.545249045952196809e+01 1.484783772794145662e+01 1.401018640863974163e+01 1.251032018700019854e+01 1.181561022300670238e+01 1.058838102027137751e+01 7.869586248730637834e+00
1.605542751229985754e+01 1.468394847370851153e+01 1.400955591771377229e+01 1.315257754591278783e+01 1.263972747538637798e+01 1.224086246142293710e+01 1.175814379740320703e+01 1.006420786888049435e+01
1.486803952989196809e+01 1.345989897316192341e+01 1.258059951526361431e+01 1.169609111103619092e+01 1.163393795355556470e+01 1.127311960595184104e+01 1.075139051878091578e+01 8.892582553786606780e+00
1.455117818621306292e+01 1.307315754504670124e+01 1.248817639647560895e+01 1.200292192271739466e+01 1.204596357517054450e+01 1.191557903548004660e+01 1.183794808152778444e+01 9.530763816544872924e+00
1.450703648894763731e+01 1.285120437165121032e+01 1.197626674909653488e+01 1.166699091137277122e+01 1.108094999435239103e+01 1.097149995604473460e+01 1.016084027153135239e+01 7.166197454670423461e+00
1.381220341084900127e+01 1.228347485907938896e+01 1.161959799017470552e+01 1.136229805779335145e+01 1.125049935349488806e+01 1.100910496874126920e+01 1.086165810504570928e+01 9.391970496920293954e+00
1.564748450288497850e+01 1.408430749895824974e+01 1.335980878042103370e+01 1.285263925322091261e+01 1.281053577153491929e+01 1.250000000000000000e+01 1.254370131938203414e+01 9.077454351571477176e+00
1.691979853256473731e+01 1.467605217559643904e+01 1.385724271969459132e+01 1.327168163200085260e+01 1.324955821532477707e+01 1.314995190517806556e+01 1.280553969568206618e+01 9.781709920176510309e+00
1.573903695584505869e+01 1.384385876830649842e+01 1.303317573008921038e+01 1.248426719798267115e+01 1.232566405452820213e+01 1.219713563102209797e+01 1.201765309979309748e+01 9.795477364878653503e+00
1.668714604047188743e+01 1.531801649516030395e+01 1.489558598802373446e+01 1.342342623288488213e+01 1.285151181200534332e+01 1.206925432490364436e+01 1.086165810504570928e+01 7.696129880089844555e+00
1.677431982008314293e+01 1.487400529071550181e+01 1.417148604415125490e+01 1.324065848704630355e+01 1.292047061608556469e+01 1.250948247254284773e+01 1.196467985211825180e+01 8.264808765970879989e+00
1.553817271788022047e+01 1.436962216727345698e+01 1.368420609197850268e+01 1.296525162367787232e+01 1.268892782453951185e+01 1.245379148576496675e+01 1.183794808152778444e+01 9.649553242087407057e+00
1.708318114912487573e+01 1.531659630371548531e+01 1.484078288697456927e+01 1.423359868201626632e+01 1.394692433858722147e+01 1.374304188739800203e+01 1.339203032899469470e+01 9.253524668482794979e+00
1.581135341357726176e+01 1.468394847370851153e+01 1.398370383436822451e+01 1.293022483757083307e+01 1.259266033223766890e+01 1.223345126401358840e+01 1.182878569631176902e+01 9.657288799932592482e+00
1.701137077097013872e+01 1.586885531239559555e+01 1.510723379126108057e+01 1.385554174349121759e+01 1.316832211800242192e+01 1.224086246142293710e+01 1.013178226051555164e+01 5.881597373896056524e+00
1.643780615116840238e+01 1.522936356522384571e+01 1.479264230100873334e+01 1.418326369865335401e+01 1.453017077011131164e+01 1.344638190994944971e+01 1.043398196084413243e+01 8.131813290223565360e+00
1.630085810171565441e+01 1.457114092173759801e+01 1.368906398019350767e+01 1.311788653720281594e+01 1.301332513609698083e+01 1.270857906981579788e+01 1.146086192192413833e+01 7.408192982438150942e+00
1.706934992762497671e+01 1.573157363409387344e+01 1.529090069756906978e+01 1.442736196620271194e+01 1.431087094726472841e+01 1.382624535537632227e+01 1.242368200420431990e+01 8.456016251793089467e+00
1.593135405279614503e+01 1.445603313006534663e+01 1.385157306605503535e+01 1.326384234736870837e+01 1.312556675831582709e+01 1.306569284168019962e+01 1.227909673469457985e+01 8.270977738275874458e+00
1.641249646886895874e+01 1.551029995663981254e+01 1.482542173266905117e+01 1.374182175971416520e+01 1.331538056213064891e+01 1.293975619101157726e+01 1.222520298149214213e+01 1.006420786888049435e+01
1.671653618337103708e+01 1.536744274129839027e+01 1.459177806304389868e+01 1.413865034756249273e+01 1.406030050520987551e+01 1.386537521923331440e+01 1.329275690123101050e+01 9.400691316534848241e+00
1.652023941671166796e+01 1.462984366136140579e+01 1.374911999956967890e+01 1.307110912790380830e+01 1.291160741417393965e+01 1.278193555130471282e+01 1.257590013982207111e+01 9.436292414321375333e+00
1.638532076519790692e+01 1.379036340655342308e+01 1.235636449588747787e+01 1.113010016761849919e+01 1.090335331012281372e+01 1.066204455752384206e+01 1.064821633632354114e+01 9.020463859905060389e+00
1.614940796438848736e+01 1.406621147664845140e+01 1.299912089822473860e+01 1.217764984841087994e+01 1.199545510994982678e+01 1.176647350301552564e+01 1.150058840971347252e+01 8.162166215454917051e+00
1.461615614966742704e+01 1.349114533690935502e+01 1.299912089822473860e+01 1.275061719038354369e+01 1.258609997267229730e+01 1.245379148576496675e+01 1.239718030731460097e+01 9.749846300107364527e+00
1.563886261590567095e+01 1.420991023927765262e+01 1.357808375466474438e+01 1.318841367697326028e+01 1.308339694509758999e+01 1.294401120444480568e+01 1.285135814840589674e+01 9.151434033554281200e+00
1.483829147164269990e+01 1.341958859099422696e+01 1.290529442397075677e+01 1.276039866379116816e+01 1.257957901490347652e+01 1.235030977286940335e+01 1.220824819772134795e+01 8.734656823590716712e+00
1.457394078522496805e+01 1.345477756647374967e+01 1.292198005078545542e+01 1.265736366400816593e+01 1.266054094734670521e+01 1.243584502419715854e+01 1.232999994131384724e+01 9.694517688435954739e+00
1.688445499288753382e+01 1.505546779092864895e+01 1.414894399835281646e+01 1.341441592221281809e+01 1.337188049185276384e+01 1.304991151435451258e+01 1.276589380693054920e+01 9.349387148673343972e+00
1.644551555306106394e+01 1.446247668728487312e+01 1.337793501452087952e+01 1.240000255675283469e+01 1.233082195593763686e+01 1.220430223265110570e+01 1.206537325535098759e+01 9.332810701425810151e+00
1.562423968504000449e+01 1.447547967149939119e+01 1.382366057240992774e+01 1.270765938577669729e+01 1.238379520361248254e+01 1.229420760024879300e+01 1.223975907794315532e+01 9.137602812054378632e+00
1.445221097547565670e+01 1.366557978072384039e+01 1.310182920289235220e+01 1.255104236293197317e+01 1.225591389749402893e+01 1.188300450610099546e+01 1.129256657138680175e+01 9.725956750975157661e+00
1.456022604027988976e+01 1.343453015071611745e+01 1.304926100510273557e+01 1.276039866379116816e+01 1.270340452174174928e+01 1.263024417147923373e+01 1.252275399045010928e+01 9.581272281765590648e+00
1.552373304657187880e+01 1.441196822206415540e+01 1.407701464192775731e+01 1.378009499180671327e+01 1.367839846508429247e+01 1.358077227575824963e+01 1.359926329722805072e+01 1.048208183443076358e+01
1.682068013245959648e+01 1.533954534735086384e+01 1.472737408300591611e+01 1.420163530795871765e+01 1.406795555129060205e+01 1.388886965508426385e+01 1.434718844542769389e+01 1.004819377023660465e+01
1.558618150766612942e+01 1.362598332900924802e+01 1.272482792146794317e+01 1.210006426406095947e+01 1.196920114188715978e+01 1.186181873724173386e+01 1.171621827177847308e+01 9.820965300691312905e+00
1.727005522724624953e+01 1.572328553121518269e+01 1.492710231318424619e+01 1.356840610032909922e+01 1.304280394792087527e+01 1.268257893856834251e+01 1.251757970168276124e+01 7.583741880726336149e+00
1.696878742272318874e+01 1.579804616129210970e+01 1.546860639693049499e+01 1.402425662116080574e+01 1.336381805724454530e+01 1.271661734390183440e+01 1.112281598229196256e+01 8.630744177486576518e+00
1.607358405923957889e+01 1.532371591089755114e+01 1.495486412633862550e+01 1.481201318097503439e+01 1.478031349071691913e+01 1.441557903548004660e+01 1.447506975154614750e+01 9.445378125959109639e+00
