1.654822385772867577e+01 1.546543530680815692e+01 1.492710231318424619e+01 1.469502199829920031e+01 1.445447906947940453e+01 1.457562229743834337e+01 1.288462181535473761e+01 9.591662181193484571e+00
1.168714604047188743e+01 1.099379024980019004e+01 1.065707267869127151e+01 1.048924677055421206e+01 1.042047061608556469e+01 1.034882947428968336e+01 1.026157675867928454e+01 1.057612230344568616e+01
1.565867135152856804e+01 1.364712489666734285e+01 1.215153735934863199e+01 1.048924677055421206e+01 9.624285901222588535e+00 8.839132583291917200e+00 7.744478197353520166e+00 2.667366974076533115e+00
1.235009306832415987e+01 1.112299643247689040e+01 1.068120114288172218e+01 1.041312627624506959e+01 1.048462559188840615e+01 1.035798082700266143e+01 1.025727680769360006e+01 1.055817584187787617e+01
1.192379756546421987e+01 1.097021483418379084e+01 1.063639136377629413e+01 1.047120087804125887e+01 1.054280394792087527e+01 1.042290095670261962e+01 1.033972099300538972e+01 1.070497344991871813e+01
1.186910864262895871e+01 1.105367057761401206e+01 1.074721412022179834e+01 1.059091033699404960e+01 1.063637019277243567e+01 1.055304948244853236e+01 1.043145992439126957e+01 1.059174467663818930e+01
1.283575613828483064e+01 1.152224853964566975e+01 1.100581632063933313e+01 1.069572505951655117e+01 1.068409034833032578e+01 1.055304948244853236e+01 1.043398196084413243e+01 1.051334550198810724e+01
1.505877842441730863e+01 1.343704052456224929e+01 1.260006718963207106e+01 1.149783081351169578e+01 1.105031843356860222e+01 1.058493830046154827e+01 9.908014543235195148e+00 7.369755828520764496e+00
1.170337558339014272e+01 9.456033130065344849e+00 8.022583097731072144e+00 6.814794541669414230e+00 6.406457435854033378e+00 5.999580905874356773e+00 5.771876715319096185e+00 2.902128231247360635e+00
1.191581417504834306e+01 1.094460666113771907e+01 1.054387272503739759e+01 1.035800092438738496e+01 1.027105010357684023e+01 1.010916125263707777e+01 1.012416302781053723e+01 1.056583088795860448e+01
1.166167305496704820e+01 1.098324903879728254e+01 1.076354128811919253e+01 1.058426972788470088e+01 1.059378684452548391e+01 1.054210604432612719e+01 1.046991977322624123e+01 1.052808422883513373e+01
1.676044440817623027e+01 1.522544157587272018e+01 1.459289680214829943e+01 1.383816959360289900e+01 1.330645490595200364e+01 1.281802638126226590e+01 1.171621827177847308e+01 7.867451073598539679e+00
1.268845879673821564e+01 1.139628380278880471e+01 1.090758153092254190e+01 1.065257754591278783e+01 1.065719767432256226e+01 1.052666145665960684e+01 1.044923845831126563e+01 1.057871047202469761e+01
1.578436839094300126e+01 1.529273300894990939e+01 1.481851059409002147e+01 1.454276992547101521e+01 1.454994793268693698e+01 1.482591017964651314e+01 1.476673527815192166e+01 8.013345501988107245e+00
1.458318114912487751e+01 1.347021483418379084e+01 1.275324133147937999e+01 1.212440308109615827e+01 1.195814091512508881e+01 9.704302232651105697e+00 8.476051831447396268e+00 4.852362270262128519e+00
1.602349179220878383e+01 1.540527709912103305e+01 1.512718940440325355e+01 1.499575657720554389e+01 1.502258852323705973e+01 1.485030977286940512e+01 1.496714945107899908e+01 7.697953115119061884e+00
1.505877842441730863e+01 1.468394847370851153e+01 1.450685289013906321e+01 1.438706197569482725e+01 1.443635283537955871e+01 1.469001602384003036e+01 1.430175352310622650e+01 8.277181962042485353e+00
1.657694871312851603e+01 1.558945747727815601e+01 1.462124661654075197e+01 1.264846413709261341e+01 1.185666179032524958e+01 1.108589368244642337e+01 1.009236486282534528e+01 6.303149379651422635e+00
1.504449221560623684e+01 1.385488156556913708e+01 1.340009366534914292e+01 1.318115120036474153e+01 1.308339694509758999e+01 1.300992237492682335e+01 1.279883069675651086e+01 7.030763816544873812e+00
1.567250257302847061e+01 1.531517796751802152e+01 1.501922288783445225e+01 1.497667460616896484e+01 1.495676617643118611e+01 1.491819038797844144e+01 1.491113000076669337e+01 8.170593705669183748e+00
1.639021147709255999e+01 1.564370881362885157e+01 1.520497844349091210e+01 1.435245390775910401e+01 1.475109909490393179e+01 1.462127558987413423e+01 1.245896752686734565e+01 9.473100556373140080e+00
1.555621236369086802e+01 1.351788896004907414e+01 1.210301766864254702e+01 1.074833156636549347e+01 1.016756839068127682e+01 9.627957064527452147e+00 8.815069681673779911e+00 5.023052590076232171e+00
1.222155274172735062e+01 1.024386663242122353e+01 8.868671627380798839e+00 7.318534138743854278e+00 6.833524983512343276e+00 6.412883757017907804e+00 6.053637415797316734e+00 3.551822302254421526e+00
6.588654877252583475e+00 5.475246242885428494e+00 4.934742993589487092e+00 -9.990000000000000000e+02 4.746305549789627598e+00 4.356586263477125520e+00 4.007353143153285835e+00 2.218891197592854247e+00
1.522136241188314187e+01 1.313036333668105371e+01 1.156318342042785474e+01 9.828389603129009444e+00 8.926502365893654201e+00 8.195563040468313076e+00 7.140524452571731295e+00 3.903605351049245886e+00
1.720067255581543364e+01 1.611704717811350207e+01 1.445634442491834903e+01 1.253895612081793054e+01 1.173959876643952072e+01 1.111186947174302730e+01 1.052891254522916320e+01 6.590535668905670441e+00
1.031735338916890576e+01 8.559281629920143075e+00 7.610834909669348392e+00 7.195021998299201194e+00 7.049947932686936980e+00 6.569321373698015165e+00 6.379471837034832227e+00 4.972967826794456592e+00
1.003039154722450377e+01 8.534257152533378132e+00 7.673955298536362157e+00 7.348373042176188363e+00 7.145871825033093039e+00 6.643943297944484350e+00 5.692153854285392001e+00 4.639687827576121748e+00
1.103403300321169134e+01 1.029134548645467007e+01 1.002754274620676966e+01 9.875602963529942713e+00 9.526258202977244238e+00 9.097734783709451989e+00 8.399758021437550681e+00 6.849387148673343972e+00
1.456022604027988976e+01 1.365324173653506001e+01 1.258059951526361431e+01 1.072547311776581935e+01 9.681327586335262581e+00 8.823047308278390233e+00 7.452466093041031137e+00 3.283421842463251750e+00
7.883175735974780274e+00 6.811856619080095321e+00 6.368671627380799727e+00 6.136687060650917402e+00 6.503338908334075796e+00 6.050541008457974712e+00 5.775328979610060642e+00 4.261197747801986679e+00
7.211062455243330227e+00 6.134993639681312061e+00 5.773456756163194648e+00 5.624736630617888977e+00 8.125566758315827087e+00 5.519020776254365046e+00 5.591295750088354666e+00 4.445378125959108750e+00
1.014090070345463879e+01 9.740891510832437206e+00 9.583979000844905727e+00 9.563256122009192950e+00 9.480375198025043915e+00 9.437851328364594394e+00 9.414171386897535854e+00 9.855020132555782908e+00
8.683308818418307595e+00 7.327796776480467678e+00 6.671486044151255790e+00 6.804561325437514796e+00 6.633937953555564704e+00 5.980779809159029625e+00 5.888187010982371739e+00 5.313361074387365157e+00
9.625764497371827488e+00 8.485874762458527343e+00 7.699093680007219831e+00 7.212676634517918295e+00 7.522588523237060620e+00 6.581407615812056910e+00 6.232985048870213873e+00 4.665079867124749313e+00
6.788374853957267696e+00 5.513698194796624819e+00 4.842190192686517847e+00 4.995756577205542115e+00 4.628568889832889610e+00 4.205749848513685052e+00 4.007353143153285835e+00 2.848421130077353425e+00
8.771903420341116586e+00 7.432183646747970940e+00 6.898681164746614414e+00 6.649191558565403781e+00 6.788679945790493164e+00 6.492012128419260897e+00 6.367474629830410571e+00 5.413195974433659963e+00
1.184276366402918867e+01 1.027756692330552113e+01 9.408081536929881139e+00 9.363150902707291223e+00 8.801371976426468180e+00 8.117792129463548889e+00 6.884956991084548505e+00 4.905401885259024652e+00
8.566284964826811787e+00 7.483166543352578692e+00 6.986366693600886357e+00 6.611030767165568811e+00 6.779306625374484696e+00 6.437441034680078999e+00 6.254274676176539316e+00 4.956773495038997446e+00
5.125499931692592881e+00 3.395134039091222355e+00 3.019951008672907111e+00 3.863654380524086385e+00 4.142132227958653878e+00 3.300837877148419253e+00 3.227968490513899891e+00 3.015788104153886540e+00
1.643780615116840238e+01 1.446895871373057041e+01 1.284995831093512919e+01 1.131586365440640307e+01 1.064509101238698641e+01 1.026855375921576830e+01 9.801426286861893544e+00 4.933641089701734650e+00
1.014868379201499593e+01 9.066211476648451395e+00 8.604783531376739347e+00 8.414415922212819865e+00 8.525177253408230627e+00 8.273546840925673607e+00 8.108950386307071767e+00 7.112745100035642309e+00
7.097190842919872900e+00 5.706896749028138593e+00 5.089405209960990994e+00 5.756059258808350343e+00 4.962587832227644213e+00 4.569254324903644360e+00 4.347188445427693892e+00 3.584356158216040811e+00
1.497575178164033893e+01 1.370990169812491999e+01 1.288886134608890899e+01 1.185245390775910401e+01 1.141754778973584905e+01 9.900818238090122847e+00 7.956947860203927192e+00 4.238339299202311672e+00
1.707855113697089422e+01 1.276938294331455026e+01 1.065707267869127151e+01 9.131679304643757433e+00 8.493038951694263261e+00 7.906303392139837349e+00 7.095278897339740709e+00 3.296010229333509844e+00
1.108647675260500876e+01 9.449627588153845181e+00 8.493547984402471940e+00 7.094728940279245499e+00 6.367444752527593010e+00 5.413188235785510116e+00 4.258143797403205255e+00 1.577454351571477842e+00
1.456477840000895263e+01 1.372290468233943805e+01 1.324397794433929931e+01 1.314555010257821621e+01 1.318522546208218316e+01 1.214144464424421699e+01 8.201804906318487909e+00 6.564528767906252504e+00
1.500272798184910528e+01 1.318875031762741301e+01 1.200685289013906321e+01 9.276411032170368998e+00 7.984625591888406149e+00 6.790763916671252787e+00 6.058114684842019315e+00 1.973100556373139636e+00
1.258792745577979311e+01 1.086179741405464760e+01 9.746545909064785462e+00 7.995329342231710434e+00 6.773102401607874690e+00 5.930695045877252269e+00 4.800017154665705554e+00 1.448850906281236250e+00
1.482082616949103482e+01 1.226624058920963733e+01 1.087793501452087952e+01 1.010929505645409954e+01 9.615770279492810602e+00 9.122695335975953057e+00 8.248013420553521158e+00 4.797999401331516367e+00
1.584050244493974624e+01 1.316306291264438499e+01 1.184392656112703790e+01 1.059759181164736930e+01 1.001643702686791748e+01 9.238024638656780141e+00 8.296276308541987277e+00 4.742624081427427640e+00
1.440394808748719058e+01 1.200868520151990637e+01 1.047363296241208097e+01 8.755248685471261894e+00 7.956665174507121741e+00 7.462877197402701945e+00 6.527903968770013776e+00 3.023149055770839588e+00
1.258792745577979311e+01 1.137350528470816080e+01 1.096149440323825175e+01 1.078753207707840112e+01 1.061486976336763988e+01 1.044685717253502588e+01 9.914254423655959769e+00 4.687653158479250237e+00
1.486202435547727241e+01 1.315722037188347215e+01 1.189868116474661441e+01 1.070308601113350377e+01 1.018892782453951185e+01 1.007828515667100433e+01 9.588304122573651611e+00 3.060721531683638474e+00
1.181704282183915922e+01 1.014619230330974986e+01 9.156406132226472039e+00 8.225473117765821129e+00 7.566653431238250960e+00 6.867076549961145027e+00 5.947316114721125757e+00 3.388469144966434587e+00
1.556879080690506179e+01 1.464502903064188999e+01 1.403603860145733151e+01 1.355811468484201932e+01 1.312556675831582709e+01 1.285274204142375254e+01 1.240490799975745517e+01 5.265716009724378033e+00
1.042266140393286022e+01 9.184600556978207209e+00 8.534993329485674352e+00 7.454210297118671669e+00 6.972913064151389229e+00 6.477189560938621860e+00 5.731283718142382355e+00 2.551377749658473526e+00
1.366323918588839170e+01 1.246248522843760576e+01 1.158399689238818198e+01 9.671920356461919610e+00 8.886775878104320014e+00 8.143101811762994302e+00 7.264007296302816385e+00 3.748974431571933774e+00
1.587654679082581843e+01 1.395136919159351052e+01 1.264938580683808311e+01 1.100807190103730093e+01 1.004754907550356080e+01 9.233354798318980983e+00 8.227968490513900335e+00 3.990049092267474506e+00
1.447717152774215776e+01 1.141955046893840908e+01 9.767376019512955310e+00 8.210497208542852476e+00 7.541254934950446298e+00 6.983815279876495197e+00 6.320769097411025328e+00 3.763483371820034229e+00
1.647426115085089648e+01 1.444962758815384518e+01 1.324721412022179834e+01 1.145713919821376869e+01 1.067392737673370107e+01 1.001904849217547877e+01 8.732985048870213873e+00 4.725956750975157661e+00
1.673995821163805431e+01 1.522544157587272018e+01 1.477661638341286476e+01 1.431479454166941601e+01 1.387814174747578022e+01 1.327354684092567361e+01 1.157021073156017366e+01 4.913796794644623489e+00
1.213060074681482625e+01 1.015471747715302797e+01 9.003034959944951510e+00 7.424963109019336649e+00 6.540147050385841432e+00 5.632907030711895580e+00 4.394608043117643525e+00 6.182921166639234745e-01
9.786716467824668086e+00 8.499099483874829275e+00 7.685485348891257118e+00 6.313269301428253932e+00 5.749558215324777066e+00 5.291772413199598901e+00 4.672605356102572216e+00 2.331330402846089278e+00
1.376751660142474165e+01 1.202910717421347364e+01 1.077345675616319554e+01 9.380488376170614373e+00 8.767840673056376488e+00 8.285159103540083336e+00 7.662805405470099807e+00 4.366220605320765280e+00
1.087045568814753338e+01 9.564021314555532172e+00 8.560641834111313742e+00 7.084136307921108155e+00 6.678373257850878097e+00 6.168529433332885503e+00 5.629916978347299761e+00 2.422257119567983619e+00
1.595571714393613227e+01 1.402224853964566975e+01 1.291479764617112735e+01 1.053888907202356151e+01 9.690375440402089424e+00 8.845634017118229053e+00 7.830500247948569026e+00 4.427282103649311296e+00
1.109578046167440668e+01 9.600095603112135834e+00 8.655506547769928005e+00 7.295880102496239417e+00 6.801304927632097375e+00 6.326245355376324042e+00 5.741290574276566971e+00 3.563908544368463716e+00
1.352874960492819412e+01 1.189361731414979673e+01 1.089265708692863655e+01 9.476350856361165143e+00 8.996124687740355341e+00 8.560524860000615632e+00 7.761576758679284538e+00 4.501549420731886464e+00
1.055394094820812434e+01 9.724315063584905161e+00 9.022716517694664873e+00 7.121671667819725826e+00 6.788679945790493164e+00 6.216666431564732420e+00 5.186668700235676610e+00 4.070972325125779001e+00
1.516441937475921620e+01 1.365631312812997322e+01 1.300429108039817194e+01 1.178638113165797741e+01 1.068522546208218316e+01 9.648251790082900570e+00 8.224663354918162028e+00 4.097135909321191427e+00
1.377851706234281259e+01 1.215270210996107991e+01 1.100993676658951514e+01 7.810673209759713131e+00 7.771050103576840229e+00 6.904611909859762697e+00 6.875390971451916577e+00 2.467050993596688890e+00
1.345243697163830277e+01 1.077832488075948270e+01 8.927693560364177827e+00 7.227611343239800590e+00 6.404252894579359534e+00 5.739437139259307763e+00 4.903358054876450822e+00 2.193370581932252428e+00
1.578156648950476360e+01 1.417960865758801958e+01 1.317815559753342747e+01 1.089661656940545065e+01 9.659032425013986511e+00 9.018448750766435040e+00 7.805539695682066181e+00 3.504779440629710585e+00
1.508792745577979311e+01 1.243218364674797272e+01 1.003256543614215701e+01 8.195725059516551170e+00 6.537653969600969006e+00 5.928472453074978610e+00 5.065060753240268276e+00 1.617180839360811806e+00
1.667752350004459672e+01 1.518950376349060960e+01 1.393989297190939425e+01 1.289629281959765095e+01 1.178867994579049139e+01 1.064139602004565255e+01 9.347188445427693892e+00 5.181653182887606235e+00
1.641249646886895874e+01 1.426237146798296962e+01 1.204902270335730385e+01 9.133417873797885278e+00 8.324380203277653933e+00 7.619651539121098160e+00 6.724474860653687713e+00 2.697953115119062328e+00
1.734417623512639040e+01 1.404841212384108218e+01 1.121368490380239713e+01 7.152101935456666837e+00 5.866498888741753959e+00 4.802046884880938116e+00 3.916279979086598750e+00 8.055482368347982591e-01
1.537352468394168348e+01 1.321301358889585664e+01 1.202773307605097841e+01 1.108928628624101620e+01 1.083867496183224866e+01 1.044971062018205110e+01 1.007227497383398784e+01 8.073540289851266039e+00
1.420011020888443376e+01 1.260454252021469301e+01 1.165640613222647382e+01 1.039073916961275401e+01 1.002877507105669963e+01 9.594953423015070371e+00 9.199891103881078891e+00 6.590535668905670441e+00
1.171653618337103531e+01 1.049346649999239034e+01 9.898548435167930037e+00 9.252849828287887490e+00 8.795378937080828408e+00 8.304793204673106999e+00 7.206954884638393288e+00 4.349387148673343972e+00
1.029925736685910920e+01 9.375571421636841762e+00 8.829185959422719776e+00 7.666336741566773583e+00 6.980375198025043915e+00 6.300920913906844945e+00 5.416449507367042671e+00 3.398859044394328954e+00
1.376096942859175876e+01 1.192437677089302994e+01 1.108248837005546150e+01 1.052626409018195552e+01 1.020340452174174928e+01 9.858566361744617979e+00 8.792566571386803531e+00 4.008195523668200977e+00
1.600442809694427382e+01 1.443692877433065647e+01 1.336702300101475238e+01 1.245792221938289934e+01 1.193276362151667414e+01 1.145532836189942216e+01 1.063294553318341151e+01 5.789697791757251188e+00
1.649026737987372115e+01 1.252792353838110273e+01 1.043648899103355454e+01 8.537819959286570892e+00 7.911607414173939645e+00 7.435845024197158537e+00 6.326498589359987434e+00 2.326135482864744475e+00
1.261031456241211046e+01 1.125948731058734964e+01 1.030159769251725699e+01 8.982581458834443922e+00 8.367841790835969462e+00 8.057773505295251937e+00 7.366808083365613768e+00 4.639687827576121748e+00
1.668714604047188743e+01 1.549346649999239034e+01 1.486928153633480321e+01 1.431685280997257692e+01 1.351743854491715346e+01 1.357060137042221903e+01 1.331404652853733594e+01 5.902344556873342363e+00
1.692781138225276649e+01 1.480098711300103353e+01 1.332443965276780418e+01 1.217192035646192139e+01 1.155522696231062341e+01 1.099249228740990958e+01 1.032135715219281380e+01 7.779397835117438653e+00
1.372459653858220463e+01 1.236460491853223331e+01 1.132366057240992774e+01 1.034199469536456029e+01 9.632868840818574085e+00 9.178829389972698038e+00 8.148216336323541142e+00 4.830029340731431198e+00
1.725364580349027932e+01 1.583401586753736368e+01 1.407007700679082518e+01 1.198113384297186457e+01 1.093863049402225229e+01 9.477962240339238065e+00 7.856048160902783906e+00 4.261197747801986679e+00
1.448987034156534470e+01 1.161202992937228018e+01 9.931680266016222447e+00 8.256059258808349455e+00 7.586099972672296410e+00 7.031811434979512221e+00 6.243577681228350329e+00 3.500949679322841845e+00
1.300622079265023423e+01 1.117805964461758883e+01 1.019324064046996270e+01 9.048119915926381651e+00 8.487023777279567582e+00 7.894019633404170122e+00 7.075632256447931923e+00 4.755901732450641184e+00
1.605542751229985754e+01 1.341711820038406167e+01 1.171802471992289263e+01 9.924963109019337537e+00 9.136662512588214824e+00 8.543112909668561628e+00 7.635612021822418605e+00 4.427282103649311296e+00
1.465016409059471769e+01 1.294447760983393891e+01 1.188936148344850707e+01 1.068115120036474153e+01 1.008609997267229552e+01 9.537962931348655360e+00 7.709013919705133056e+00 3.823539391196204562e+00
1.565244221106422629e+01 1.410736008903448280e+01 1.303851105387092524e+01 1.174703855908129313e+01 1.091451779106520448e+01 1.010916125263707777e+01 8.973943239258332483e+00 6.188250777070091857e+00
1.286395866430905244e+01 1.111704717811350385e+01 1.010903285746353220e+01 8.960101645357966049e+00 8.336061877045624513e+00 7.907676872657925848e+00 7.374321858714925959e+00 5.188867403481327578e+00
1.144551555306106394e+01 1.067681903047430048e+01 1.032991338089551014e+01 9.730623096085725621e+00 9.080835135356696952e+00 8.334926578317599422e+00 7.097613814808992672e+00 3.972200971916595158e+00
1.552152850529720673e+01 1.424636523896014317e+01 1.356932777007456892e+01 1.281583111116914608e+01 1.238379520361248254e+01 1.186181873724173386e+01 1.065748298891740831e+01 5.062595788102136396e+00
1.366522953695862697e+01 1.243218364674797272e+01 1.161238376958098506e+01 1.048319808524567875e+01 1.006665343123825096e+01 9.771023739926388174e+00 9.175851681902081225e+00 6.478117805114362859e+00
1.736202435547727418e+01 1.550860481780248712e+01 1.442713002910536169e+01 1.285263925322091261e+01 1.226075014693702769e+01 1.182064845109501405e+01 1.118655695000408556e+01 8.725215579710074110e+00
1.601478495962415849e+01 1.403089986991943583e+01 1.306284987090612049e+01 1.229588010249623942e+01 1.170709811325071570e+01 1.064310181176299430e+01 9.129313006130443497e+00 5.857883003923905818e+00
1.687675470383950938e+01 1.533520529012042388e+01 1.409809756076991327e+01 1.250736883981995184e+01 1.187689348512948051e+01 1.124304188739800203e+01 1.022555879154428737e+01 7.134245529440436329e+00
1.452009159058469479e+01 1.330470033659275408e+01 1.257884691406827571e+01 1.178437977403182835e+01 1.146307799135715300e+01 1.108846347347984462e+01 1.047515224699085046e+01 7.974993215966314608e+00
1.562545076849492176e+01 1.361113034491573615e+01 1.249140295517934618e+01 1.149170534617953088e+01 1.117482696119024510e+01 1.096919233306178754e+01 1.071480789053300597e+01 6.857771253692312996e+00
1.421985141099951733e+01 1.231878646580840453e+01 1.139189681680637456e+01 1.004296993760647538e+01 9.659032425013986511e+00 9.377669182319282370e+00 9.070210731560173656e+00 4.916609584313043513e+00
1.559793201418495556e+01 1.403962068953399012e+01 1.303051786779555421e+01 1.201769407174369597e+01 1.148183847892928355e+01 1.116025186181787809e+01 1.050439048444032508e+01 7.846327134819290450e+00
1.716507145802891188e+01 1.506218370639202497e+01 1.394604446827853650e+01 1.257977807965824368e+01 1.207416610119476807e+01 1.155341286630837239e+01 1.078575212722600440e+01 7.483400513012952615e+00
1.277266657974464792e+01 1.121638372457061728e+01 1.032991338089551014e+01 9.286381131657977406e+00 9.032684916512184969e+00 8.448641507445062260e+00 7.844360898377818359e+00 5.612930445497450904e+00
1.285447619176620471e+01 1.087121817775637567e+01 9.895585988023732682e+00 9.256741360069622004e+00 9.131220214452529405e+00 8.973515323236682661e+00 8.838049083451849697e+00 9.540679284588875930e+00
1.209250083042298485e+01 1.054127392987248335e+01 9.688793723367407296e+00 8.925074859250928583e+00 8.803377030006011239e+00 8.099599627284778336e+00 7.698799957221707402e+00 2.956313422652727674e+00
1.381677493846502180e+01 1.253447071121408385e+01 1.152935712680401537e+01 1.019833970447858817e+01 9.632868840818574085e+00 9.161246233144687778e+00 8.540315332034650098e+00 5.937829290455827191e+00
3.614630522035613858e+00 3.756110212359952349e+00 3.718676803192586089e+00 5.379716372350117126e+00 5.503674084063884919e+00 3.848899391623938460e+00 3.701813447471219654e+00 3.860170110875689176e+00
1.254449221560623684e+01 1.127653218505352051e+01 1.070276257041595969e+01 9.965384353256554917e+00 9.736781486922714279e+00 9.320648451095015830e+00 8.285752127226004404e+00 4.570980866278510746e+00
1.212094969478173034e+01 1.115017900896179626e+01 1.078681983198615235e+01 1.053255823073507180e+01 1.052306274580579171e+01 1.027705034079184188e+01 9.822785720720126790e+00 5.059378789586346237e+00
1.533575613828483064e+01 1.340484986414720225e+01 1.230345918952893136e+01 1.124546721206363742e+01 1.067730447496109747e+01 1.029053792050860672e+01 9.485560038030167007e+00 5.902344556873342363e+00
1.493650403111604952e+01 1.313796922561185099e+01 1.237507214315275661e+01 1.170348968279849444e+01 1.149852410574397865e+01 1.116852943333288550e+01 1.068895580718745819e+01 8.409349330878349349e+00
9.832438432105444548e+00 9.578307523366605736e+00 9.436781081138455818e+00 9.348204445564368470e+00 9.266933429302877556e+00 8.614501560801192781e+00 7.343107579844777355e+00 6.105196264532360750e+00
1.564378102162011430e+01 1.337358619658985681e+01 1.199656147465198330e+01 1.094167432973863185e+01 1.028667247676934338e+01 9.817897329958483965e+00 9.014160288991968528e+00 4.391970496920294842e+00
1.324985384436525493e+01 1.230985031491266035e+01 1.182627192490832257e+01 1.113558646632985472e+01 1.078757206122588741e+01 1.037518358866102552e+01 9.599953764431855774e+00 5.477350950236501426e+00
1.393269679489343460e+01 1.308763424224893868e+01 1.264938580683808311e+01 1.192508340040365944e+01 1.166990193109304741e+01 1.141288375701790869e+01 1.047777797065209526e+01 3.344560920161238293e+00
1.168714604047188743e+01 1.047853635511450499e+01 9.830982493632498986e+00 9.022684229568449510e+00 8.529847093746029785e+00 8.318751438117605090e+00 7.452466093041031137e+00 4.755901732450641184e+00
1.362994980552186775e+01 1.236460491853223331e+01 1.179180121369423873e+01 1.109987891859915088e+01 1.053288847987687227e+01 1.013024417147923373e+01 9.384956991084548505e+00 6.761197747801985791e+00
1.452888302489178507e+01 1.321301358889585664e+01 1.250277202455614756e+01 1.186530300689013018e+01 1.158083513535669518e+01 1.119943216169497902e+01 1.051522086057622651e+01 7.368407924927709018e+00
1.011788069898758025e+01 9.592784220568844944e+00 9.408081536929881139e+00 9.627141383190163992e+00 9.294974086343609443e+00 9.224074945204689513e+00 9.099359762922658135e+00 8.148264153501870055e+00
1.190394808748718880e+01 1.079143251929041369e+01 1.038653393639862976e+01 1.053255823073507180e+01 1.043841707765337290e+01 1.028071218643752616e+01 1.011471356690377021e+01 9.986399786204108509e+00
1.139021147709255999e+01 1.040373813897002009e+01 9.724843228235805270e+00 8.256059258808349455e+00 8.052810804055059890e+00 7.375270325135906191e+00 6.801753523106227384e+00 4.117180839360811362e+00
9.606632086800514614e+00 7.931778796010751087e+00 6.870958734332583084e+00 5.950914693638541308e+00 5.854486933594127862e+00 5.357980827002663204e+00 5.206963425791125033e+00 3.937361527058363286e+00
1.235604232268754643e+01 1.085245769018424866e+01 1.028665123537433246e+01 1.133949608882563709e+01 1.007309698845777746e+01 9.866886220116937167e+00 9.787416593066897263e+00 9.953854847569704845e+00
1.368940277008380235e+01 1.213740979793687558e+01 1.109581045381812814e+01 9.815268764238144428e+00 8.988958086111347612e+00 8.179556811445486630e+00 7.058587381981761055e+00 3.753789234162030031e+00
1.158865487725258170e+01 9.972776643924683881e+00 9.335063359215414636e+00 9.133417873797885278e+00 8.977117879298313952e+00 8.617140046193856762e+00 8.237944697345911393e+00 6.776708528805198917e+00
9.502719440696372644e+00 7.580298599255995029e+00 6.671486044151255790e+00 5.988683239295395921e+00 6.087510353917763517e+00 5.651671202773693281e+00 5.515220860576227402e+00 4.436292414321373556e+00
1.224823064909901227e+01 1.024652449471487614e+01 9.361873022694847890e+00 8.768843738740020655e+00 8.793388586010591368e+00 8.464591749039501067e+00 8.244646793965340947e+00 6.857771253692312996e+00
1.498915610257060926e+01 1.275453734440290532e+01 1.180889977502000221e+01 1.114331415877270715e+01 1.081154629256096555e+01 1.053435628833446991e+01 1.017467149303125495e+01 5.540521205659159065e+00
8.566284964826811787e+00 6.846145875258282665e+00 5.845522571609960139e+00 6.169099503561836784e+00 5.146621061749350190e+00 4.641444644244216988e+00 4.232794719026006014e+00 2.705276827237297343e+00
1.690788905807457709e+01 1.472431506358490516e+01 1.341134491841583198e+01 1.219794457396633014e+01 1.166990193109304741e+01 1.126098834896581025e+01 1.062991697834729976e+01 8.482000922549065791e+00
1.264868379201499593e+01 1.060230657640918395e+01 9.656273402647789439e+00 9.036918411362748316e+00 9.099127152689597153e+00 8.668529433332885503e+00 8.501302648708209730e+00 6.963780875075031851e+00
1.544295612948830865e+01 1.380437310034841936e+01 1.266633606583134863e+01 1.077957793011292864e+01 9.650240990706894451e+00 8.657506636070248618e+00 7.792162899721813751e+00 4.158416284014706754e+00
1.700703648894763731e+01 1.507915752063834347e+01 1.274300811524747878e+01 1.047718291083098485e+01 9.454479069479402753e+00 8.638481985531255347e+00 7.772401735734622896e+00 3.596812159513391283e+00
1.464033835652363713e+01 1.305356210216098667e+01 1.245330303878750478e+01 1.194113470316464998e+01 1.197663772030766616e+01 1.171946459345876335e+01 1.166795538379000696e+01 9.268925440244840885e+00
1.007325512161954961e+01 7.776198635531788916e+00 6.323660572409926850e+00 4.957922219382899343e+00 4.522359684588440842e+00 3.933898662191062989e+00 3.328475128982023357e+00 1.303149379651422635e+00
1.593135405279614503e+01 1.379384891903243648e+01 1.273894168276083860e+01 1.131068113284923982e+01 1.070239613420429237e+01 1.017367941165279177e+01 9.464679852118253578e+00 7.383327707799259620e+00
1.489862567093449819e+01 1.316111190366520844e+01 1.236928153633480321e+01 1.180864304530027376e+01 1.175469965249195070e+01 1.158954050930636193e+01 1.158468742876241286e+01 8.818405877118557612e+00
7.356042322687547319e+00 5.422351215462391849e+00 4.506852890139064982e+00 4.166990911372772999e+00 4.314078442078297826e+00 3.722472521362309994e+00 3.576210707151817658e+00 2.344427500197646452e+00
1.300622079265023423e+01 1.132933365261492042e+01 1.030159769251725699e+01 8.568406100329099218e+00 8.062910748559410479e+00 7.519048492175479659e+00 6.810689674001972449e+00 3.474513056975667702e+00
1.120375643226588558e+01 9.468958713730572185e+00 8.481416727416441148e+00 7.351739668764367686e+00 7.132868840818574974e+00 6.738024638656780141e+00 6.441530796347413101e+00 5.148025412792511801e+00
1.483829147164269990e+01 1.224089151083243898e+01 1.056833339874776101e+01 8.844818335780942675e+00 8.184090348330325781e+00 7.500000000000000000e+00 6.741178824044975926e+00 4.014312363535919914e+00
1.497575178164033893e+01 1.279969734459724506e+01 1.152271651769466487e+01 1.014846413709261341e+01 9.476637720307666157e+00 8.865375219233314397e+00 7.832798103207878171e+00 4.937941040687420013e+00
1.513317301101178458e+01 1.235528523723412597e+01 1.087064816700283743e+01 9.660551287085118233e+00 9.104410550973096150e+00 8.555521458497436171e+00 7.783335727483980726e+00 4.855020132555782908e+00
1.285447619176620471e+01 1.146763520675751025e+01 1.066906988589569139e+01 9.502921922717394665e+00 9.301304927632097375e+00 8.848899391623938016e+00 8.208286932764185195e+00 5.651030361889293196e+00
1.156825118033108168e+01 1.002901199582039204e+01 9.016116277279143887e+00 7.644041580245497514e+00 6.980375198025043915e+00 6.430367809632918430e+00 5.534437932241954350e+00 2.504571527616020088e+00
1.584642735025558302e+01 1.251494645714292275e+01 1.066005957522362735e+01 9.190575081196644902e+00 8.481041744489841605e+00 7.946857172535027658e+00 7.322785720720127678e+00 4.983400513012951727e+00
1.663986413395490871e+01 1.476624058920963733e+01 1.358248837005546150e+01 1.237216164145793584e+01 1.206198949276641486e+01 1.148828747226298397e+01 1.105363741579731673e+01 9.245905435777782344e+00
1.070591247692342485e+01 9.209910239277650845e+00 8.243977944339299313e+00 6.701635307958718535e+00 6.279557364510688799e+00 5.895668259770215691e+00 5.358400786318977538e+00 3.110259506377385907e+00
1.552263021640620266e+01 1.319677797863268331e+01 1.171802471992289263e+01 1.065257754591278783e+01 9.928117121013560364e+00 8.807196863200843495e+00 8.303349533589148734e+00 4.699118272458242984e+00
1.594753521972448063e+01 1.301199774620353011e+01 1.129108604303087837e+01 8.311750245586232211e+00 7.592660332237668896e+00 6.631144687604405341e+00 5.824849962993941865e+00 2.662057740001894324e+00
1.520478596463560983e+01 1.289760401980184312e+01 1.154952618117409635e+01 1.030043033940710018e+01 9.469201141887161555e+00 9.271288305605622782e+00 8.627588456810290296e+00 5.623680396729260345e+00
1.269659169023251977e+01 9.199715458226553011e+00 7.142126802452667178e+00 6.314565703020795340e+00 5.900580036061338518e+00 5.299208991620104392e+00 4.627232023604689104e+00 2.821509226736763409e+00
1.077459320795698439e+01 8.553670577614012061e+00 7.150356569450021738e+00 5.870452985210038221e+00 5.573105529610509201e+00 5.078285156671005218e+00 4.517653099793098370e+00 2.406796536966213651e+00
1.617926510348426206e+01 1.363499363968131206e+01 1.230890831617273307e+01 1.144683382805562388e+01 1.135685212016945655e+01 1.148087627485363527e+01 1.152101038240704156e+01 6.258625483605029238e+00
1.616722354340478418e+01 1.397999666330016666e+01 1.274504705707628816e+01 1.177839774124210237e+01 1.135685212016945655e+01 1.107822060312723167e+01 1.045437197238891436e+01 7.603633787439513014e+00
8.782948644841182428e+00 7.224315063584905161e+00 6.483703834368225394e+00 5.914415922212819865e+00 6.082586371760502431e+00 5.677792820472965296e+00 5.342038467107787625e+00 3.459690489495028665e+00
1.351652074929004677e+01 1.179510971320834045e+01 1.088527109786850389e+01 9.748871192939475350e+00 9.195516817257953335e+00 8.930367809632919318e+00 8.484403689589967712e+00 7.795248280194986279e+00
1.164605068177454505e+01 1.011156996354926285e+01 9.496561474651985080e+00 8.961585905609293690e+00 8.844275884523623787e+00 8.535735285326355282e+00 7.956947860203927192e+00 6.130744177486575630e+00
1.453330558173890275e+01 1.265227487498724912e+01 1.168677835617545924e+01 1.078753207707840112e+01 1.011258265641585830e+01 9.704302232651105697e+00 8.497053186513474188e+00 5.179857092809263541e+00
1.430261422139447092e+01 1.182316647348021021e+01 1.005631686277052239e+01 7.488083497886350415e+00 6.599127152689598041e+00 6.028407454103675178e+00 5.319083358262800765e+00 2.197966297597115037e+00
1.440788905807457709e+01 1.231878646580840453e+01 1.128575071924916351e+01 1.087910431548380430e+01 1.062556675831582709e+01 1.052666145665960684e+01 1.032135715219281380e+01 1.055310229897862584e+01
1.283575613828483064e+01 1.124938736608299905e+01 1.032550876550479124e+01 9.398107200194894872e+00 9.117732634735762787e+00 8.855459751189311390e+00 8.435229872607083124e+00 6.117895078355548577e+00
1.202009159058469479e+01 1.113198188683538525e+01 1.084907653944694417e+01 1.065965077095994751e+01 1.063963229699329460e+01 1.057527292917116846e+01 1.048041005971026074e+01 1.050362967693212646e+01
1.098063949766252279e+01 8.350135258914219705e+00 7.038325708409115755e+00 6.222583405571448623e+00 6.593869339970187760e+00 5.880692350547247926e+00 5.576799724278616033e+00 3.954641513099188543e+00
1.617523639309281336e+01 1.385488156556913708e+01 1.285220854221678621e+01 1.214650534468967535e+01 1.182052199929782432e+01 1.131667933574369123e+01 1.054837568724581942e+01 7.279225396884653421e+00
1.666798549254330553e+01 1.390785481324398276e+01 1.220480600525812598e+01 1.112355299478551629e+01 1.032674109035472121e+01 1.021892496688478147e+01 9.328785696311770792e+00 5.789697791757251188e+00
1.243009848920454807e+01 9.306245566773965194e+00 7.405990110666315296e+00 5.853354423884273849e+00 5.351511812005343316e+00 4.675915355458300837e+00 3.903871430257723318e+00 3.091744676638188416e+00
1.461615614966742704e+01 1.237400529071550004e+01 1.134593286529447553e+01 1.068115120036474153e+01 1.100517020868029228e+01 1.045544011213101321e+01 1.052067683288530908e+01 1.042213212532940503e+01
1.676389667246719739e+01 1.453600076057644586e+01 1.349354798440247194e+01 1.248808349788635041e+01 1.225109909490393179e+01 1.167000221773486501e+01 1.070828693276418520e+01 7.564207868880493457e+00
1.163064991001249737e+01 9.800987113001035311e+00 8.582488370055461502e+00 6.916016657069365969e+00 5.897813827673914489e+00 5.009482472542847731e+00 3.861525375467024013e+00 5.330419370143812952e-01
9.569349927624973162e+00 7.988466938411844964e+00 7.212276696692243583e+00 6.528987505355069665e+00 6.515470165320104812e+00 5.973812494096320869e+00 5.692153854285392001e+00 4.789197785749910175e+00
1.570070509905269240e+01 1.441815476988379352e+01 1.408399689238818198e+01 1.363229136151007026e+01 1.353767507433693851e+01 1.342847245307497772e+01 1.359461345626774076e+01 1.033178116905608945e+01
1.548472036324544021e+01 1.444962758815384518e+01 1.368906398019350767e+01 1.286338920445272294e+01 1.248619172280974787e+01 1.214825179008290057e+01 1.165233301059750204e+01 1.023130599655110728e+01
1.390005949204492985e+01 1.245229044738650437e+01 1.171012842181081837e+01 1.052626409018195552e+01 1.014662106174935019e+01 9.918190387978441436e+00 9.328785696311770792e+00 6.539130271618446955e+00
1.318523116200844925e+01 1.164047879373102745e+01 1.095755343265086523e+01 1.050144618209942848e+01 1.043841707765337290e+01 1.035535827450834567e+01 1.030778527291431779e+01 1.053552930626897144e+01
1.356265373667695506e+01 1.236460491853223331e+01 1.188936148344850707e+01 1.161787007296055663e+01 1.148420649776276115e+01 1.141635811583792126e+01 1.133225847663389807e+01 1.025412440989184049e+01
1.378963011949450035e+01 1.200196235524295219e+01 1.132366057240992774e+01 1.083652096723685432e+01 1.083736763331215514e+01 1.040767687265792496e+01 1.065129644109777018e+01 9.151434033554281200e+00
1.293276134843720904e+01 1.107915186667934826e+01 1.032991338089551014e+01 9.818534138743853390e+00 9.820530540450555179e+00 9.608034740349264524e+00 9.414171386897535854e+00 7.419429679936858868e+00
1.123942633680833580e+01 1.068475863590792230e+01 1.046860639693049499e+01 1.044759698745915344e+01 1.044750278929110721e+01 1.039946193153985732e+01 1.024872765954825837e+01 1.052314905577084048e+01
1.321904124880010656e+01 1.162143030155554868e+01 1.091512139597892883e+01 1.059091033699404960e+01 1.083998386639675182e+01 1.046844309634553127e+01 1.037501346765033716e+01 1.050847672161059343e+01
1.389512431898063838e+01 1.245229044738650437e+01 1.159809756076991327e+01 1.045933479048010284e+01 1.001032018700019854e+01 9.634679910804404557e+00 9.208023997375383018e+00 7.123442094983829520e+00
1.468527178405338773e+01 1.298183646770007904e+01 1.226213090687372542e+01 1.165627632239755940e+01 1.162580506006126058e+01 1.149574960613663777e+01 1.138552052234336465e+01 1.011034624285226613e+01
1.178132459408814725e+01 1.009524279565186866e+01 9.326271924908322575e+00 8.858239226132816668e+00 8.756249073223838053e+00 8.464591749039501067e+00 8.182587834652760961e+00 7.050686140723061435e+00
1.369963598631570356e+01 1.212984366136140579e+01 1.111838374517263084e+01 9.946824308058538122e+00 9.503074342654841189e+00 9.033849522528480946e+00 8.278792255926976651e+00 5.415423126403849707e+00
1.295324754497538855e+01 1.147999666330016666e+01 1.050688543337632197e+01 9.703813432606294143e+00 9.086030055338040867e+00 8.940995002517064805e+00 8.567124995514083352e+00 6.323539391196204562e+00
1.440788905807457709e+01 1.321711071151156602e+01 1.262902187100660889e+01 1.183765299026909013e+01 1.148657969259780920e+01 1.119091653996520108e+01 1.057105507487291618e+01 7.510696994948187211e+00
1.625662647798212035e+01 1.335013525891421970e+01 1.185286271202278385e+01 1.031583111116914608e+01 9.755913897494028930e+00 9.271288305605622782e+00 8.157482988917408306e+00 3.328134945674636302e+00
1.478671646782466809e+01 1.330915921844379568e+01 1.237652463327541241e+01 1.120485188129910981e+01 1.046590553840703031e+01 1.047135391901329804e+01 9.946003358454797549e+00 6.539130271618446955e+00
1.683535246661984175e+01 1.568276828483768703e+01 1.445634442491834903e+01 1.342342623288488213e+01 1.295666517450712085e+01 1.248127994651862416e+01 1.162931300613044350e+01 9.454540511175121509e+00
1.176735994878411340e+01 9.724315063584905161e+00 8.868671627380798839e+00 8.469634747119915374e+00 8.287572061225889186e+00 8.020544616791887904e+00 7.744478197353520166e+00 6.472200971916595158e+00
1.645328008821264376e+01 1.428408691594570179e+01 1.300948600037951586e+01 1.180864304530027376e+01 1.133804197531311786e+01 1.082076020132660688e+01 1.018868118682625123e+01 7.679857092809263541e+00
1.598063949766252279e+01 1.435782057059199524e+01 1.350993676658951514e+01 1.175284982828788749e+01 1.122967378345384404e+01 1.083696552014640879e+01 1.008136068547172215e+01 7.030763816544873812e+00
1.482082616949103482e+01 1.294927821988666850e+01 1.214799883517983581e+01 1.158742687658346604e+01 1.153020889216713130e+01 1.134889939162393802e+01 1.129256657138680175e+01 1.013073625439704806e+01
1.603579986479731545e+01 1.347021483418379084e+01 1.202773307605097841e+01 1.071049720854285248e+01 1.021071590428504194e+01 9.802046884880939004e+00 9.034841603906944130e+00 4.950944024901938967e+00
1.040273907975467083e+01 9.235824027957235671e+00 8.227940190332665438e+00 6.716559751952622115e+00 6.444636168710268009e+00 6.091039361294859233e+00 5.673105362109912342e+00 2.233068585604689016e+00
1.533575613828483064e+01 1.247277664392468566e+01 1.065409397667272273e+01 9.114445034774005805e+00 8.223365940207653324e+00 7.444781175092903602e+00 6.699891103881078003e+00 3.734656823590716268e+00
1.654822385772867577e+01 1.442437677089302994e+01 1.291958063278183033e+01 1.080361735209192631e+01 1.016054094734670521e+01 9.883719676764359363e+00 9.444193655580074065e+00 7.448040985191769714e+00
1.204668237769915606e+01 1.078485891976620081e+01 9.300316835424016659e+00 6.710939017028118236e+00 6.042399097183656309e+00 5.364565057033903628e+00 4.021010382407041561e+00 5.556361069075059778e-01
1.516441937475921620e+01 1.247277664392468566e+01 1.108691092690257740e+01 9.882518504137824067e+00 9.454479069479402753e+00 8.958941464084873019e+00 8.484403689589967712e+00 6.753524668482794979e+00
1.043276134843720904e+01 9.189615513722202422e+00 8.234326892306203405e+00 7.180525972489463449e+00 6.766933429302878444e+00 6.440995002517064805e+00 5.884357249675503887e+00 3.892582553786608113e+00
1.228671646782466986e+01 1.075257498915995313e+01 9.674219864215597653e+00 8.387825135098358587e+00 7.740463962534311015e+00 7.302046884880938116e+00 6.766726736999190805e+00 4.873809608730026888e+00
1.329848739621100862e+01 1.166969318954401480e+01 1.094193105945836031e+01 1.023131470502113949e+01 1.020340452174174928e+01 9.755838370645905755e+00 9.517653099793097482e+00 3.173417468521608775e+00
1.604646184446839641e+01 1.376627318395657618e+01 1.202773307605097841e+01 1.019370969232460311e+01 9.356661790325247807e+00 8.617140046193856762e+00 7.643312310870444826e+00 3.531972824277391787e+00
1.620582253413533991e+01 1.279134548645467007e+01 1.080375833785282857e+01 9.089095956396807452e+00 8.548729938472144241e+00 8.219107867473372409e+00 7.715188739408750607e+00 4.795477364878654392e+00
1.575257498915995313e+01 1.245229044738650437e+01 1.051732528501166186e+01 8.537819959286570892e+00 7.579579014903475631e+00 6.785862164757432424e+00 5.623885095028953174e+00 9.933304466178283221e-01
1.307224673408209092e+01 1.118751459149260441e+01 9.859221698075209872e+00 8.159650770959949284e+00 7.492173755599473850e+00 7.075622297438344255e+00 6.298148774967532226e+00 2.833847270925543782e+00
1.175015299268915214e+01 1.036744274129839027e+01 9.506852890139064982e+00 7.989246770554212063e+00 7.378380049221212822e+00 6.820648451095015830e+00 6.367474629830410571e+00 4.445378125959108750e+00
1.335837504941390641e+01 1.116248210043496947e+01 1.011625908184063150e+01 9.545309660441386512e+00 9.407965958186752076e+00 9.214873735858770232e+00 9.175851681902081225e+00 8.371370583640672436e+00
1.520478596463560983e+01 1.191815476988379352e+01 9.916494896735738251e+00 7.679936955362665074e+00 6.718804277374783140e+00 5.910853629050698999e+00 5.164774102663635347e+00 1.431662111321116981e+00
1.322566565131919702e+01 1.234604487333421652e+01 1.161959799017470552e+01 1.098868323929539592e+01 1.048462559188840615e+01 1.038725489996435769e+01 9.658916810027841748e+00 6.808411108202920836e+00
1.182799151500288737e+01 1.037940689767543212e+01 9.767376019512955310e+00 9.339755093935917074e+00 9.518475114416887095e+00 9.300634313783733731e+00 9.232794719026006902e+00 7.331330402846089278e+00
1.681704282183915922e+01 1.549848918992777946e+01 1.486352164906089257e+01 1.447873971586118635e+01 1.439750934890631129e+01 1.492698182228553350e+01 1.397394323925833248e+01 9.923673605358926508e+00
1.350442809694427204e+01 1.243218364674797272e+01 1.204902270335730385e+01 1.170720796110640904e+01 1.165038881683386762e+01 1.155341286630837239e+01 1.150735314315328495e+01 7.383327707799259620e+00
1.542266140393286022e+01 1.397586052037513582e+01 1.295366483720860629e+01 1.131716315929494066e+01 1.085847617092249351e+01 1.048750445109385154e+01 9.881887995290396631e+00 7.152861734860096021e+00
1.063152653255804658e+01 8.943326664413515203e+00 8.084952134499639342e+00 7.503484269648397209e+00 7.504237615322701949e+00 7.204302232651105697e+00 6.944193655580073177e+00 5.363193279103653843e+00
9.748230649099010492e+00 8.190751675253562070e+00 7.542681064016866443e+00 7.084136307921108155e+00 7.159032425013986511e+00 6.800634313783733731e+00 6.644605318154647833e+00 5.486833422779348268e+00
1.625230083001041592e+01 1.471612078918181510e+01 1.357808375466474438e+01 1.177047262426833640e+01 1.073757425033993940e+01 1.049940304913379485e+01 9.129313006130443497e+00 3.876255385889213922e+00
8.971616237960059692e+00 7.504249462194736431e+00 6.570077006790825180e+00 5.396292819597650059e+00 4.867630097989402493e+00 4.295687898828513873e+00 3.415380394630053829e+00 6.790871221611640696e-01
9.995920836010421695e+00 8.091283779146547062e+00 6.686778356175460125e+00 5.255496911877348687e+00 4.717980390207387131e+00 4.073335190486560897e+00 3.275328979610060642e+00 9.707884008193902181e-01
1.403975253097084597e+01 1.141563790180433813e+01 9.983354466101047819e+00 8.975036354079847456e+00 8.709240163667073986e+00 8.426254400812744905e+00 7.750858643951200833e+00 3.120982914087662152e+00
1.265652307664714193e+01 1.083401586753736368e+01 9.589544037143030053e+00 8.173936979771021072e+00 7.851511812005343316e+00 6.294681033486079436e+00 5.270228088953050616e+00 2.201425895441189162e+00
9.680186359277255903e+00 8.306927488562944717e+00 7.484959397959820571e+00 6.670586067653566431e+00 6.760799310134699702e+00 5.915231603550107131e+00 5.551184838113710995e+00 3.524133539645245783e+00
1.254449221560623684e+01 1.018824201296539300e+01 8.915629700640948840e+00 7.588129937800816016e+00 6.907965958186752076e+00 6.565322340798532608e+00 6.151770663666501271e+00 3.308746283932730847e+00
1.389512431898063838e+01 1.126287494579976567e+01 9.589544037143030053e+00 8.361870045614052671e+00 7.748030099109780799e+00 7.286424511688434080e+00 7.028565113299222844e+00 2.355020132555783352e+00
1.521304255351082269e+01 1.124604148915234347e+01 8.481416727416441148e+00 6.058114684842019315e+00 5.105901181762540375e+00 4.346196364049230709e+00 3.332112439602459730e+00 7.896977917572506334e-01
1.573903695584505869e+01 1.230985031491266035e+01 1.010185441012576568e+01 7.941775331662698001e+00 7.049947932686936980e+00 6.196586193604757042e+00 5.312290408858518553e+00 2.503045545348294709e+00
1.531735338916890576e+01 1.151366560004968420e+01 9.022716517694664873e+00 6.448300048676505192e+00 5.447502789291107206e+00 4.655101883497972715e+00 3.743577681228351217e+00 1.545424412171563677e+00
1.137802575765487489e+01 9.430634633777541964e+00 8.270141528534711739e+00 7.186301178684647795e+00 6.823758175180321572e+00 6.352174616444732358e+00 5.520676832885310859e+00 2.540274433851657410e+00
1.653975253097084419e+01 1.390785481324398276e+01 1.228593606471097210e+01 1.062473663061788898e+01 9.570092039360996949e+00 8.696586193604757042e+00 7.702874019055476751e+00 2.974993215966315496e+00
1.075393812330606202e+01 9.215043753355299572e+00 8.465449730762939495e+00 7.495756577205542115e+00 7.003074342654840301e+00 6.345634017118229053e+00 5.441583412230538208e+00 1.991983401099254536e+00
1.705117818621306469e+01 1.212984366136140579e+01 8.990109376279725950e+00 6.430834746524839218e+00 5.731631508602808900e+00 5.151744600884029524e+00 4.444193655580074065e+00 1.043838911838546046e+00
1.720067255581543364e+01 1.533376245109777969e+01 1.354774184626406530e+01 1.132237678854366791e+01 1.027883319213719737e+01 9.377669182319282370e+00 8.376738016970490364e+00 5.038697474671370635e+00
1.738017078687800065e+01 1.453600076057644586e+01 1.245486412633862550e+01 9.700875037836457437e+00 8.709240163667073986e+00 7.965540056635362909e+00 7.265370430448925276e+00 3.876255385889213922e+00
1.468018635927725590e+01 1.118751459149260441e+01 8.713684903802397130e+00 6.820981089489053240e+00 6.005170208680294053e+00 5.229370398430672751e+00 4.506849665336491562e+00 7.556205345082479541e-01
1.181341765585107773e+01 9.874005290715500038e+00 8.622955272788651371e+00 7.461646875539177159e+00 6.918524254079469138e+00 6.635394149799140884e+00 6.343870739248307800e+00 3.622161237890590968e+00
1.082728845378553828e+01 9.289584326195548414e+00 7.900573824339788942e+00 6.609327651201039266e+00 6.102417721351955038e+00 5.432701350044688127e+00 4.563106581866438916e+00 1.874736227050543880e+00
1.550622079265023423e+01 1.182886588921745741e+01 9.218024719922892629e+00 6.696091111036190924e+00 5.684090348330324893e+00 4.909469568363888037e+00 4.114233094205660635e+00 8.612392236126786838e-01
1.573634948861955252e+01 1.384752061395218448e+01 1.250277202455614756e+01 1.145566100029345691e+01 1.104555990350555561e+01 1.110140446344963649e+01 1.113719680451469074e+01 3.954641513099188543e+00
1.434648832018546649e+01 1.200868520151990637e+01 1.042438478311900951e+01 7.868804358843992652e+00 7.213330549247078061e+00 6.133107042847357526e+00 5.244478197353521054e+00 1.936292414321374000e+00
1.178132459408814725e+01 9.393617314149796726e+00 7.556316862770522391e+00 6.243035551014150641e+00 5.343191953633024127e+00 4.556629343062041038e+00 3.661596397737581832e+00 7.108107554028211261e-01
1.233829147164269990e+01 1.009640091438008369e+01 8.618383745172629062e+00 7.124403081096158274e+00 6.386775878104320014e+00 5.978452399468748624e+00 5.233926742058240933e+00 1.753524668482794979e+00
1.017237352172468867e+01 8.662482100434969468e+00 7.629021871006610667e+00 6.275080035062715389e+00 5.800124064663515711e+00 5.425692053881743249e+00 4.635671992182867740e+00 1.686803161207512503e+00
1.190394808748718880e+01 1.076537359950003214e+01 1.038421150512860081e+01 1.007562611970458200e+01 1.011930550269281071e+01 1.000000000000000000e+01 9.875830873835891310e+00 1.061829211666392325e+01
7.482433256293656854e+00 5.957335250117697711e+00 5.257361777429562011e+00 6.304237575629714208e+00 5.034997072065935164e+00 4.690016023840032133e+00 4.537374380325723600e+00 3.409349330878349349e+00
1.359391333102551336e+01 1.234604487333421652e+01 1.168677835617545924e+01 1.088782513509835681e+01 1.043841707765337290e+01 1.006818521216665552e+01 9.063044129931165926e+00 4.877878581155457915e+00
1.465511050554993844e+01 1.386975489685213958e+01 1.357369693574836944e+01 1.310431465792431993e+01 1.262607023613262314e+01 1.202569459511179417e+01 9.798609848953757862e+00 4.463780875075031851e+00
1.250957807526417653e+01 1.131144632539557904e+01 1.079695119201414499e+01 1.012219504430134975e+01 9.830821955937636858e+00 9.472140584542781738e+00 8.935162823812714095e+00 6.963780875075031851e+00
1.670665080821093795e+01 1.550860481780248712e+01 1.415640613222647382e+01 1.213263879344000884e+01 1.119825454342184301e+01 1.036720996992473687e+01 9.506849665336492450e+00 6.545424412171563233e+00
1.324849582517037483e+01 1.251494645714292275e+01 1.204902270335730385e+01 1.154490767629108561e+01 1.129140187693885800e+01 1.102354956588866841e+01 1.049100269206839897e+01 8.630744177486576518e+00
8.709966570482048809e+00 7.412442444632886485e+00 6.917564009472728870e+00 6.623027974369990467e+00 6.810870947264728414e+00 6.395676800922947436e+00 6.166542812692802578e+00 4.913796794644623489e+00
1.054041135002331941e+01 9.323166473480210215e+00 8.552024834874366377e+00 7.750617190383543686e+00 7.400204627368451860e+00 7.108034740349263636e+00 6.541823854367368796e+00 4.032872408733936709e+00
1.294295612948830865e+01 1.143137348454855839e+01 1.088895781178351641e+01 1.053255823073507180e+01 1.063963229699329460e+01 1.042709029773855711e+01 1.033279810320787817e+01 1.059437040029943233e+01
1.194401670107256663e+01 1.050522245928897469e+01 9.903007317018971634e+00 9.488348063565585022e+00 9.484125585881065135e+00 9.351378885606393965e+00 9.208023997375383018e+00 9.570980866278510746e+00
8.612730720667673978e+00 7.085521743960327079e+00 6.362942135431836732e+00 5.932511944522618208e+00 5.951616198111281619e+00 5.562518172152964624e+00 5.363121385949945363e+00 4.253524668482794979e+00
1.566242606260686721e+01 1.470798789568751097e+01 1.446625989296235026e+01 1.452266312483248001e+01 1.432700402574352339e+01 1.414824324893016794e+01 1.249712566748254261e+01 5.934228172047559369e+00
1.690788905807457709e+01 1.426775974804830760e+01 1.220853492548249264e+01 9.961646875539177159e+00 9.115055108829450248e+00 8.565551425482201608e+00 8.135982559512614287e+00 5.898859044394328954e+00
1.282651577438492119e+01 1.132933365261492042e+01 1.052786649601457114e+01 9.692107268482226701e+00 9.307672900166796381e+00 8.868700600714181093e+00 8.201804906318487909e+00 6.273264845227659592e+00
1.283575613828483064e+01 1.075257498915995313e+01 9.549022703357303854e+00 8.432511944522618208e+00 8.023062745805791707e+00 7.756529979581316958e+00 7.134462258124837142e+00 3.563908544368463716e+00
1.189221028446624118e+01 1.004657737314965971e+01 8.952231016098172844e+00 7.841994695364559398e+00 7.315421184175590064e+00 6.943491529125155104e+00 5.835761976500066339e+00 2.091662181193485015e+00
1.232661677630898822e+01 1.067287089447006743e+01 9.933210549856243077e+00 9.500479320551615814e+00 9.425620594405470953e+00 9.271288305605622782e+00 9.136932238835456133e+00 8.115607971403765220e+00
1.442379756546421987e+01 1.243218364674797272e+01 1.124398648549203017e+01 9.845016822487414387e+00 9.422066626568485148e+00 8.937441034680078999e+00 8.237944697345911393e+00 5.864605850200859116e+00
1.579140494314665588e+01 1.340974057604185532e+01 1.218635112120162844e+01 1.109987891859915088e+01 1.064837946377948796e+01 1.026855375921576830e+01 9.384956991084548505e+00 6.466316208432902002e+00
8.497578003529199009e+00 6.392454041481935079e+00 5.269817778726912039e+00 5.245759302168537808e+00 4.566033207700462171e+00 4.126911792555793213e+00 3.935162823812713206e+00 3.184786537898411041e+00
1.534507581958293798e+01 1.237400529071550004e+01 1.064520659113011547e+01 8.646642938707012505e+00 8.042803947920875274e+00 7.444781175092903602e+00 6.699891103881078003e+00 4.215952192569995205e+00
1.436910864262895871e+01 1.085013525891421970e+01 8.473403877728411970e+00 7.480464265181337780e+00 6.669901931093047409e+00 5.884950145042132874e+00 5.041940189709993803e+00 2.379238301063612226e+00
1.102524156890460105e+01 9.126161185749809945e+00 8.199656026938219711e+00 6.701635307958718535e+00 6.361076779992894004e+00 6.004332494222941463e+00 5.565340660604050527e+00 2.623896948602059798e+00
1.499592083601042170e+01 1.287940689767543212e+01 1.168677835617545924e+01 1.066677037814201512e+01 1.032674109035472121e+01 9.935845024197158537e+00 9.319699984674036486e+00 6.745905435777781456e+00
1.721106245524332934e+01 1.341465341792993371e+01 1.151611627727914566e+01 1.019370969232460311e+01 9.939486190390361742e+00 9.675915355458300837e+00 9.595278897339740709e+00 9.520938082473792363e+00
1.484417623512639217e+01 1.320081417735064200e+01 1.214329867110907557e+01 1.106840610032909922e+01 1.048462559188840615e+01 9.794207600248791223e+00 8.738268447153711094e+00 6.723363389979343019e+00
1.258056650416284050e+01 9.932183646747970940e+00 8.071085583249974604e+00 6.423639649253763295e+00 5.625566758315827087e+00 5.188178415676524935e+00 4.522004753733851246e+00 2.192224686095270325e+00
1.613963529530628804e+01 1.374938736608299905e+01 1.193678108113845582e+01 1.001910664284089947e+01 9.086030055338040867e+00 8.334926578317599422e+00 7.446003358454797549e+00 4.752264421830205698e+00
1.580704777857009979e+01 1.335245769018424866e+01 1.185286271202278385e+01 1.047120087804125887e+01 1.001032018700019854e+01 9.697135631022097968e+00 9.152333010597503815e+00 5.257974542312070731e+00
1.491739967538136113e+01 1.307136145496835766e+01 1.224783614831912892e+01 1.162994351497787093e+01 1.152281451939970403e+01 1.139567680092294744e+01 1.132076909741102533e+01 8.648116327374895107e+00
1.493009848920454807e+01 1.279830089912530866e+01 1.153603860145733151e+01 1.040748607548451155e+01 9.998188930014169529e+00 9.495616876557955166e+00 8.455449008215429885e+00 6.100996119237306559e+00
1.505161182278830267e+01 1.224927561585140623e+01 1.022482792146794317e+01 7.439488224710913755e+00 6.550177017370605093e+00 5.779337447743625233e+00 5.038426477242802903e+00 2.123442094983829520e+00
1.111463052203561297e+01 8.716383724570619052e+00 7.324035981102813508e+00 6.426511968930974206e+00 4.830821955937636858e+00 4.183270035037205403e+00 3.443272399787077998e+00 1.188250777070091857e+00
1.631448676858806834e+01 1.254547117213215657e+01 9.976958358031946972e+00 7.480464265181337780e+00 6.712935418734820026e+00 6.048059324623780597e+00 5.346688308068097584e+00 2.620493384044435548e+00
1.574038318813750692e+01 1.291300479156388725e+01 1.110478353137673935e+01 8.768843738740020655e+00 8.125566758315827087e+00 7.598771353209183843e+00 6.975069751546146612e+00 4.308411108202920836e+00
1.745595057255009763e+01 1.487400529071550181e+01 1.329356355680172896e+01 1.167600122204483526e+01 1.113114704806810096e+01 1.066378312667796813e+01 1.000220316483337868e+01 6.610457993083858064e+00
1.702888302489178685e+01 1.352604221141531049e+01 1.152271651769466487e+01 9.441134703164651754e+00 8.733430659883104852e+00 8.202753372739467252e+00 7.605345638168376610e+00 4.349387148673343972e+00
1.532651577438492119e+01 1.282228824967309677e+01 1.143989297190939425e+01 1.018450848297868561e+01 9.628568889832889610e+00 9.105991372584664845e+00 8.350484048907825141e+00 6.730825523852999481e+00
1.324849582517037483e+01 1.060415463848049455e+01 8.952231016098172844e+00 7.469134741112575249e+00 6.710012843067691080e+00 6.219565595382828604e+00 5.565340660604050527e+00 2.884651214772321559e+00
1.469551465440600424e+01 1.168961551372220242e+01 1.001426140377902030e+01 8.537819959286570892e+00 7.902815979866847584e+00 7.435845024197158537e+00 6.847188445427693004e+00 4.650654953196406538e+00
1.559557171715811208e+01 1.182316647348021021e+01 9.788613590617284643e+00 8.450914693638541308e+00 8.136370192772433896e+00 7.797966019298021578e+00 7.698799957221707402e+00 7.727549120121846471e+00
1.225908810162596829e+01 1.031093404209595121e+01 9.250197035396194423e+00 8.013784226288208856e+00 7.732950187184997048e+00 7.101474380783891149e+00 6.606770960332005060e+00 4.137602812054379520e+00
1.600614739453989799e+01 1.311344242997480869e+01 1.146471087999192129e+01 1.009233008309587021e+01 9.553946965586421314e+00 9.114311230956984033e+00 8.497053186513474188e+00 5.799180264300098919e+00
1.545324754497538855e+01 1.300522245928897469e+01 1.148370383436822451e+01 1.022179064215422528e+01 9.641520171092340163e+00 9.170002217734865013e+00 8.471899871493734580e+00 5.640007564626655423e+00
1.605183235601906233e+01 1.334550524676023642e+01 1.181755110529376829e+01 1.074065848704630355e+01 1.029456877488141942e+01 9.990599627816733275e+00 9.475069751546147501e+00 6.381670540280483195e+00
1.703774622680341011e+01 1.447547967149939119e+01 1.319655834664935057e+01 1.234167094555676059e+01 1.211577027949281060e+01 1.194916118276470840e+01 1.192408685494153886e+01 9.418345952753565342e+00
1.724284236903367429e+01 1.491244244463288737e+01 1.356064183411131552e+01 1.211351841645349126e+01 1.145151519618721458e+01 1.082680888663514018e+01 1.007590013982207111e+01 5.902344556873342363e+00
1.690394808748719058e+01 1.308581406377610712e+01 1.085621956655814735e+01 9.003991035454385283e+00 8.280109927352231836e+00 7.709723757538863076e+00 6.667955383790006074e+00 2.902128231247360635e+00
1.647691252263187778e+01 1.303258103952273927e+01 1.121867680319258653e+01 9.473967241342858614e+00 8.942352810971200938e+00 8.504332494222941463e+00 7.844360898377818359e+00 4.137602812054379520e+00
1.723214537408548708e+01 1.334781778481182180e+01 1.103499332948567435e+01 9.248972194863542384e+00 8.750499353494888055e+00 8.308762994122186996e+00 7.860758520589162579e+00 5.770977738275875346e+00
1.663678402918067789e+01 1.442437677089302994e+01 1.297363296241208097e+01 1.178437977403182835e+01 1.135474593870440785e+01 1.083696552014640879e+01 1.019271738554420814e+01 7.070980866278509858e+00
1.561579971646182408e+01 1.311157850470199548e+01 1.148370383436822451e+01 9.802304595825598099e+00 9.251662626162747927e+00 8.816679335743691226e+00 8.289248865207415662e+00 5.550574390491469501e+00
1.225364580349028110e+01 1.024652449471487614e+01 9.283351862065787330e+00 8.084269727884700885e+00 7.771050103576840229e+00 7.204302232651105697e+00 6.732794719026006014e+00 3.972200971916595158e+00
1.741739967538136113e+01 1.345989897316192341e+01 1.079356355680172896e+01 8.173936979771021072e+00 7.315421184175590064e+00 6.714873735858769344e+00 6.166542812692802578e+00 3.535913794864779636e+00
1.272974651690211090e+01 1.149250048139639979e+01 1.072794019033266544e+01 8.517897635108383270e+00 7.834935364757810383e+00 7.383719676764358475e+00 6.708023997375383018e+00 4.688794237096901796e+00
1.461138367514909930e+01 1.150514997831990627e+01 9.682697490592543588e+00 8.026264090181957300e+00 7.411283664366139945e+00 6.738024638656780141e+00 6.014151747839237672e+00 3.559864829434415956e+00
1.563886261590567095e+01 1.263653051581576392e+01 1.099762204623624129e+01 9.939488224710913755e+00 9.765608035152032684e+00 9.513563338125765156e+00 9.394608043117644414e+00 1.011034624285226613e+01
1.547412773088730376e+01 1.318078157576595189e+01 1.203832570840911664e+01 1.118165150699946331e+01 1.116241841236137056e+01 1.081674638453806381e+01 1.079980716110013184e+01 9.409482750841940302e+00
1.639758910143476811e+01 1.424636523896014317e+01 1.292679485337554901e+01 1.164040012425830994e+01 1.113974357915926205e+01 1.062280708620754588e+01 9.931601340589267579e+00 7.783338805704826946e+00
1.671985141099951733e+01 1.263653051581576392e+01 9.836571881548133334e+00 8.032558230735073579e+00 7.053946965586420426e+00 6.141179468172853539e+00 5.483048545102925608e+00 2.620493384044435548e+00
1.614548833484354162e+01 1.273593186235673969e+01 1.090009366534914292e+01 9.473967241342858614e+00 9.080835135356696952e+00 8.737125054200236107e+00 8.227968490513900335e+00 5.254124409891839598e+00
1.618940277008380235e+01 1.274386663242122353e+01 1.096149440323825175e+01 9.286381131657977406e+00 8.531408181297150506e+00 7.830754970242245427e+00 6.934093711075723476e+00 4.695666008167278527e+00
1.438445499288753382e+01 1.306064686599314406e+01 1.218026854952412918e+01 1.121664066383431901e+01 1.102984709374602978e+01 1.040905209286047750e+01 1.000220316483337868e+01 7.791263922678592913e+00
1.383292859123495333e+01 1.220798789568751097e+01 1.132366057240992774e+01 1.050759767846857073e+01 1.014662106174935019e+01 9.726090312396635795e+00 8.843870739248307800e+00 6.152503146291271818e+00
1.575257498915995313e+01 1.281234684152074976e+01 1.113215648213456888e+01 9.586774793313772136e+00 8.937800451242136290e+00 8.351346342369136977e+00 7.772401735734622896e+00 5.242655258825815956e+00
1.278145801405173820e+01 1.111408473096930649e+01 1.016065652608983250e+01 9.183263698653354012e+00 8.763963039632031382e+00 8.391368308784532104e+00 7.839720993005389715e+00 5.854537126993250240e+00
1.503039154722450377e+01 1.360231511756191658e+01 1.297615499886494383e+01 1.247667460616896484e+01 1.256665343123825096e+01 1.226340450722137376e+01 1.228602551509984764e+01 1.017270229785824753e+01
1.361653365346900557e+01 1.145136919159351052e+01 1.033655399000485886e+01 9.532669980966664625e+00 9.327004025743523385e+00 9.131144687604406229e+00 9.129313006130443497e+00 7.949390532855216129e+00
1.066493643645300082e+01 9.300663363193233835e+00 8.718676803192586533e+00 8.892535703822533222e+00 8.829785386437903227e+00 8.499580905874356773e+00 8.244646793965340947e+00 7.423673605358925620e+00
1.361083423773175838e+01 1.201544993495971880e+01 1.108691092690257740e+01 1.017993695536266507e+01 9.911283664366139945e+00 9.432240276058465156e+00 8.632382001924595372e+00 5.786555282458493821e+00
1.682799151500288559e+01 1.403089986991943583e+01 1.244243782526434927e+01 1.083652096723685432e+01 1.024046396253431013e+01 9.704302232651105697e+00 9.232794719026006902e+00 6.174707114489358162e+00
8.730927379870692562e+00 7.483166543352578692e+00 6.852862712022784741e+00 6.058114684842019315e+00 5.637456472207478697e+00 5.202873664123791819e+00 4.795800698085866287e+00 3.898079964036453848e+00
1.324443192945352976e+01 1.253337677036107678e+01 1.195634442491834903e+01 1.117478697704275881e+01 1.073996048471751763e+01 1.033075497024224454e+01 9.660154116377997369e+00 7.543435240173557155e+00
9.775580614259043344e+00 8.122810358710202294e+00 7.017242789566958905e+00 5.914415922212819865e+00 5.724542890138360818e+00 5.379192465356139152e+00 5.240245302304908925e+00 3.849577478517552276e+00
1.233829147164269990e+01 1.137350528470816080e+01 1.093036004900318403e+01 1.053888907202356151e+01 1.041160741417393965e+01 1.031046024468679612e+01 1.022555879154428737e+01 1.069339215392595399e+01
1.474823064909901227e+01 1.422020165476473252e+01 1.414153280094346954e+01 1.397353360476761885e+01 1.392201584626677580e+01 1.389909644533965150e+01 1.378148753438911633e+01 7.448040985191769714e+00
1.526394576013009363e+01 1.362299643247689040e+01 1.231164316951990045e+01 9.988083497886350415e+00 9.436352835379558712e+00 8.453174859353731918e+00 7.676661844101491994e+00 4.877878581155457915e+00
1.451137077097014050e+01 1.203600076057644586e+01 1.017778505984323090e+01 7.542969937606477160e+00 6.814078442078297826e+00 5.882819160639188638e+00 5.066859819442719015e+00 2.484899113947568683e+00
1.631448676858806834e+01 1.391955046893840908e+01 1.215271943481080363e+01 1.052000622729744705e+01 9.894707217118606124e+00 9.399169611724076390e+00 8.748913005010065191e+00 6.370867105823876386e+00
1.663986413395490871e+01 1.361408473096930649e+01 1.135724271969459132e+01 9.306600267266325943e+00 8.620920257812716869e+00 7.898098797393748427e+00 6.996152670388303463e+00 4.623442094983829520e+00
1.165227268278378148e+01 1.046543530680815692e+01 9.947081037778268353e+00 9.367459385364126589e+00 9.526258202977244238e+00 8.969853477590998381e+00 8.754274676176539316e+00 4.768114866907753324e+00
1.405106238537096175e+01 1.204293839571337621e+01 1.050170291181915871e+01 8.423426232884882126e+00 7.975225219705138535e+00 7.519048492175479659e+00 7.118857157360602095e+00 6.431662111321116981e+00
9.809336790268162076e+00 8.119053482280939704e+00 7.275291506854618007e+00 6.768500350874482763e+00 6.710012843067691080e+00 6.444560641862144834e+00 6.281487534389115446e+00 5.386820518600389462e+00
8.046028207893156647e+00 6.156313128129973222e+00 5.136382822623564159e+00 -9.990000000000000000e+02 4.538038458196778535e+00 4.135394149799141772e+00 3.826498589359987434e+00 2.625602740319401551e+00
1.706022604027988976e+01 1.604530799810986252e+01 1.475431044421636884e+01 1.321795934241650805e+01 1.240020462736845275e+01 1.150703985904904769e+01 1.013945533983474157e+01 6.273264845227659592e+00
1.634932621344629666e+01 1.549179742017905070e+01 1.490449768953131837e+01 1.446921565299427215e+01 1.473205060272845301e+01 1.453796293134865358e+01 1.299633801585011383e+01 9.735449587007940053e+00
9.962510932115467455e+00 8.783425771416492722e+00 8.293563556801728964e+00 8.821071032277135515e+00 7.619305502692810705e+00 7.317897329958485741e+00 6.884956991084548505e+00 4.753475505285122971e+00
