6
7
9
16
20
25
27
31
36
43
46
47
48
52
55
68
70
71
73
74
78
80
86
88
92
100
103
105
128
131
135
141
147
150
160
166
171
172
174
177
178
182
187
191
201
211
212
218
219
220
224
228
232
241
242
246
247
266
267
273
286
290
294
299
311
322
325
327
328
332
333
336
338
343
346
350
356
361
372
374
375
376
377
380
381
384
386
388
393
401
406
408
409
415
416
422
428
430
435
441
453
454
455
457
458
465
467
470
476
478
482
483
485
491
493
494
496
497
499
501
503
504
508
510
514
517
529
533
535
542
544
548
555
558
560
561
565
567
574
575
584
592
596
599
604
605
606
609
610
614
627
628
629
631
639
641
645
646
650
658
660
664
667
668
671
675
681
682
683
692
697
705
709
714
715
716
718
726
728
732
736
742
744
745
747
754
757
759
760
779
781
789
790
796
799
801
807
812
814
815
816
819
822
825
830
832
835
836
837
841
843
846
849
862
868
871
872
874
878
883
888
895
896
901
908
914
915
918
922
925
926
934
943
946
972
973
976
979
1003
1014
1015
1017
1019
1020
1021
1027
1030
1035
1036
1042
1043
1050
1059
1060
1064
1066
1070
1074
1082
1084
1089
1090
1091
1094
1096
1097
1104
1108
1119
1125
1131
1138
1142
1145
1148
1159
1162
1165
1167
1170
1178
1180
1183
1195
1197
1199
1200
1201
1202
1207
1208
1214
1217
1220
1223
1228
1229
1233
1235
1243
1250
1253
1255
1257
1266
1272
1273
1283
1286
1287
1292
1294
1295
1301
1304
1310
1320
1326
1328
1329
1330
1333
1336
1346
1347
1353
1358
1360
1361
1367
1368
1370
1372
1374
1378
1379
1380
1382
1383
1386
1387
1390
1391
1392
1393
1394
1396
1399
1403
1404
1405
1407
1410
1416
1418
1419
1423
1428
1429
1434
1437
1438
1447
1452
1454
1461
1462
1463
1476
1477
1479
1480
1482
1484
1485
1486
1493
1501
1502
1504
1584
1588
1589
1592
1596
1598
1600
1601
1604
1606
1607
1610
1611
1613
1615
1616
1625
1626
1627
1629
1630
1631
1634
1635
1641
1646
1653
1668
1683
1713
1729
1735
1741
1744
1745
1748
1749
1751
1753
1754
1757
1763
1764
1769
1771
1775
1776
1779
1787
1798
1801
1811
1812
1819
1821
1829
1832
1842
1845
1848
1851
1856
1859
1861
1862
1863
1876
1877
1883
1895
1898
1902
1904
1905
1906
1917
1918
1923
1936
1937
1953
1955
1958
1960
1968
1971
1975
1980
1993
2000
2005
2006
2017
2025
2049
2087
2148
2153
2157
2168
2170
2177
2179
2186
2188
2195
2197
2201
2208
2209
2210
2211
2222
2223
2225
2226
2231
2236
2238
2239
2242
2243
2246
2248
2251
2253
2255
2256
2262
2265
2266
2268
2275
2277
2283
2284
2285
2286
2287
2288
2290
2294
2295
2296
2297
2299
2301
2304
2305
2317
2321
2323
2325
2326
2327
2328
2329
2331
2334
2336
2338
2340
2343
2344
2346
2347
2348
2349
2350
2351
2352
2354
2357
2359
2360
2361
2362
2363
2364
2365
2366
2367
2371
2372
2374
2376
2379
2383
2385
2389
2390
2392
2393
2395
2400
2405
2406
2407
2411
2415
2418
2419
2420
2422
2425
2426
2428
2429
2430
2432
2433
2434
2435
2436
2440
2443
2444
2445
2449
2450
2453
2457
2459
2460
2462
2463
2465
2468
2469
2473
2475
2476
2478
2479
2481
2482
2483
2494
2498
2501
2503
2504
2505
2507
2510
2515
2520
2521
2522
2523
2524
2528
2529
2530
2531
2533
2535
2537
2538
2541
2542
2544
2547
2548
2550
2555
2556
2560
2561
2568
2569
2576
2579
2583
2585
2587
2591
2595
2598
2599
2600
2602
2604
2610
2613
2614
2615
2616
2618
2620
2621
2622
2623
2625
2626
2627
2630
2632
2633
2634
2635
2639
2640
2642
2645
2646
2651
2653
2654
2655
2656
2658
2659
2667
2671
2673
2674
2675
2676
2678
2679
2681
2682
2686
2691
2692
2695
2698
2700
2702
2703
2704
2705
2707
2708
2709
2714
2715
2716
2718
2722
2723
2724
2725
2728
2733
2734
2736
2738
2740
2741
2742
2744
2749
2750
2752
2753
2754
2755
2757
2764
2766
2767
2771
2772
2773
2774
2778
2782
2790
2791
2792
2793
2800
2803
2804
2808
2809
2811
2812
2813
2816
2817
2818
2823
2827
2829
2832
2834
2836
2837
2838
2841
2843
2844
2845
2846
2847
2849
2853
2854
2858
2859
2860
2868
2870
2874
2875
2878
2879
2880
2881
2884
2889
2890
2891
2894
2895
2896
2899
2900
2901
2902
2904
2905
2907
2909
2913
2916
2917
2918
2919
2922
2923
2924
2928
2930
2932
2936
2938
2940
2942
2944
2948
2951
2952
2955
2957
2959
2961
2963
2964
2969
2970
2978
2982
2987
2988
2989
2991
2992
2993
2994
2995
2996
2997
3000
3003
3004
3005
3007
3008
3009
3012
3014
3019
3020
3021
3026
3027
3028
3038
3039
3042
3043
3047
3048
3050
3052
3055
3056
3058
3064
3066
3067
3069
3070
3072
3073
3074
3076
3078
3081
3086
3087
3090
3091
3092
3093
3094
3097
3100
3103
3105
3106
3108
3114
3115
3118
3120
3121
3122
3123
3127
3129
3130
3134
3140
3142
3144
3148
3149
3152
3154
3155
3161
3163
3165
3167
3171
3183
3184
3185
3187
3190
3195
3196
3197
3199
3208
3210
3212
3214
3216
3218
3227
3228
3229
3230
3231
3237
3243
3252
3255
3261
3262
3264
3265
3267
3272
3274
3279
3281
3282
3283
3286
3288
3289
3291
3299
3301
3302
3303
3305
3306
3307
3313
3316
3317
3322
3324
3328
3331
3332
3333
3340
3343
3348
3387
3407
3410
3418
3426
3432
3435
3437
3440
3442
3447
3449
3450
3453
3454
3456
3457
3462
3464
3465
3470
3476
3484
3485
3486
3487
3491
3498
3503
3506
3509
3510
3515
3522
3527
3528
3532
3534
3552
3554
3564
3565
3571
3576
3577
3588
3593
3594
3596
3600
3602
3603
3607
3614
3616
3620
3623
3624
3625
3626
3637
3643
3644
3650
3651
3652
3656
3660
3661
3665
3668
3674
3675
3677
3684
3687
3693
3696
3697
3707
3712
3716
3724
3725
3728
3733
3735
3739
3740
3745
3750
3751
3754
3756
3758
3759
3764
3766
3769
3770
3775
3778
3779
3782
3784
3787
3797
3798
3800
3806
3811
3812
3819
3822
3824
3837
3843
3844
3850
3853
3856
3858
3861
3866
3878
3879
3885
3893
3896
3901
3902
3903
3908
3909
3910
3914
3920
3924
3928
3929
3931
3937
3938
3941
3944
3947
3953
3955
3956
3959
3976
3977
3978
3989
3991
3992
3995
4005
4006
4009
4013
4029
4032
4034
4036
4037
4040
4041
4045
4047
4059
4066
4071
4073
4083
4084
4089
4095
4100
4103
4104
4105
4106
4112
4114
4115
4119
4120
4125
4127
4133
4135
4147
4150
4160
4162
4165
4166
4167
4168
4170
4171
4174
4180
4182
4190
4191
4196
4199
4200
4201
4203
4204
4210
4213
4216
4217
4223
4227
4229
4230
4231
4232
4235
4236
4245
4246
4249
4251
4256
4260
4261
4264
4269
4271
4280
4282
4287
4288
4289
4290
4292
4293
4294
4297
4301
4302
4306
4307
4310
4312
4313
4315
4319
4320
4321
4323
4333
4334
4339
4343
4348
4350
4351
4353
4356
4358
4360
4366
4368
4369
4370
4371
4372
4378
4381
4383
4386
4391
4393
4395
4402
4408
4417
4421
4424
4426
4433
4437
4440
4441
4451
4457
4459
4465
4466
4479
4484
4486
4491
4502
4504
4509
4512
4514
4516
4523
4525
4527
4531
4533
4536
4538
4539
4540
4541
4542
4548
4550
4551
4553
4554
4557
4563
4564
4566
4569
4572
4577
4581
4583
4585
4586
4587
4590
4594
4596
4598
4599
4600
4603
4604
4605
4606
4608
4609
4611
4612
4614
4615
4616
4618
4619
4621
4623
4624
4626
4627
4631
4632
4633
4635
4642
4648
4650
4651
4652
4653
4654
4655
4656
4660
4663
4664
4665
4666
4668
4670
4672
4675
4679
4682
4684
4688
4689
4691
4694
4696
4701
4702
4703
4704
4706
4707
4709
4713
4716
4719
4721
4722
4724
4729
4732
4739
4742
4745
4750
4751
4753
4755
4756
4757
4758
4759
4760
4762
4765
4766
4769
4772
4773
4778
4779
4784
4790
4796
4801
4804
4810
4831
4832
4836
4838
4839
4844
4846
4848
4853
4854
4855
4860
4862
4864
4865
4866
4870
4875
4876
4877
4881
4889
4890
4896
4900
4902
4913
4918
4919
4922
4924
4925
4929
4931
4937
4938
4940
4941
4943
4944
4946
4949
4952
4954
4956
4959
4960
4962
4963
4965
4974
4975
4983
4985
4988
4989
4990
4992
4995
4996
4997
4998
5000
5001
5002
5004
5006
5007
5008
5013
5015
5016
5018
5020
5022
5023
5024
5027
5041
5042
5045
5048
5050
5051
5057
5061
