22
24
82
94
110
115
117
143
155
158
165
176
198
205
214
215
235
237
239
243
264
268
276
277
281
282
283
284
285
298
302
304
310
320
341
349
357
389
390
410
450
506
515
520
524
541
552
554
556
564
573
613
616
618
622
624
630
647
648
653
654
655
666
672
680
684
685
691
700
708
713
722
723
724
727
731
733
734
735
737
746
749
753
756
763
765
767
768
770
775
778
780
783
785
786
791
817
827
838
842
856
858
875
912
928
959
975
1018
1076
1100
1101
1120
1190
1216
1222
1239
1309
1327
1351
1355
1369
1401
1406
1430
1444
1471
1511
1512
1513
1515
1517
1518
1522
1523
1524
1525
1526
1527
1529
1530
1531
1532
1533
1535
1537
1538
1539
1541
1542
1543
1544
1545
1546
1548
1549
1550
1551
1552
1553
1554
1555
1556
1557
1558
1561
1562
1563
1564
1565
1566
1567
1568
1569
1570
1572
1573
1574
1575
1576
1577
1578
1579
1580
1581
1628
1648
1649
1650
1652
1655
1656
1657
1658
1659
1664
1665
1666
1667
1669
1670
1671
1673
1674
1675
1678
1679
1681
1682
1684
1685
1686
1688
1691
1692
1695
1698
1700
1701
1703
1704
1705
1706
1707
1708
1710
1711
1712
1714
1715
1716
1718
1719
1721
1722
1724
1726
1728
1730
1731
1732
1733
1794
1804
1824
1830
1834
1835
1837
1867
1875
1884
1885
1888
1910
1912
1915
1916
1921
1924
1927
1929
1931
1938
1940
1941
1944
1951
1957
1970
1972
1977
1982
1983
1985
1986
1989
1992
1994
2001
2002
2003
2004
2008
2009
2010
2014
2020
2022
2024
2026
2027
2028
2030
2032
2037
2038
2039
2040
2041
2042
2044
2046
2048
2050
2051
2052
2055
2056
2058
2060
2061
2064
2065
2067
2068
2071
2073
2074
2075
2076
2081
2085
2086
2088
2089
2090
2091
2092
2094
2097
2099
2100
2103
2104
2105
2108
2109
2110
2112
2114
2115
2116
2117
2118
2119
2120
2121
2122
2124
2125
2127
2128
2129
2130
2131
2132
2133
2135
2136
2138
2139
2140
2141
2142
2143
2146
2150
2152
2154
2155
2160
2161
2163
2167
2176
2183
2184
2190
2193
2194
2213
2215
2228
2244
2260
2292
2307
2308
2310
2312
2315
2319
2333
2341
2342
2356
2368
2369
2375
2380
2382
2437
2439
2447
2461
2464
2466
2467
2470
2474
2477
2484
2490
2496
2497
2500
2518
2527
2536
2552
2557
2559
2567
2570
2573
2575
2577
2580
2582
2584
2586
2592
2603
2607
2619
2624
2631
2650
2663
2666
2668
2697
2701
2729
2731
2732
2735
2737
2745
2785
2788
2801
2805
2814
2822
2863
2867
2882
2892
2893
2908
2910
2915
2927
2941
2943
2945
2947
2974
2975
2977
2981
2986
2999
3010
3011
3015
3017
3018
3032
3035
3036
3037
3040
3044
3045
3051
3057
3059
3068
3084
3085
3088
3099
3107
3109
3112
3117
3124
3126
3132
3133
3135
3136
3137
3138
3143
3147
3150
3151
3156
3158
3159
3162
3164
3166
3170
3174
3176
3178
3179
3180
3181
3182
3186
3188
3189
3191
3194
3201
3202
3204
3209
3211
3217
3225
3226
3235
3239
3240
3242
3244
3248
3249
3253
3256
3263
3266
3269
3270
3271
3273
3275
3278
3280
3296
3297
3298
3310
3312
3320
3321
3327
3349
3350
3351
3352
3353
3354
3355
3356
3357
3358
3359
3360
3361
3362
3363
3364
3365
3366
3367
3368
3369
3370
3371
3372
3373
3374
3375
3376
3377
3378
3379
3380
3381
3382
3383
3384
3386
3388
3389
3391
3392
3393
3394
3396
3397
3398
3399
3400
3401
3402
3403
3404
3405
3406
3428
3455
3477
3478
3519
3529
3545
3572
3590
3598
3621
3629
3634
3636
3639
3673
3676
3685
3686
3690
3702
3706
3708
3741
3744
3746
3747
3752
3753
3760
3781
3788
3796
3815
3821
3841
3842
3862
3870
3873
3874
3890
3892
3899
3918
3923
3927
3932
3935
3939
3940
3942
3950
3951
3954
3957
3958
3961
3964
3965
3967
3968
3969
3973
3982
3987
3990
3996
3997
3999
4000
4003
4004
4007
4008
4010
4012
4014
4015
4016
4017
4018
4021
4022
4023
4024
4025
4026
4027
4028
4031
4033
4039
4042
4043
4046
4048
4049
4051
4054
4055
4056
4057
4062
4067
4074
4077
4078
4079
4081
4082
4086
4087
4088
4094
4097
4098
4099
4101
4107
4108
4109
4110
4113
4116
4118
4121
4124
4128
4129
4130
4131
4132
4137
4138
4140
4142
4145
4146
4148
4152
4154
4155
4159
4161
4164
4173
4175
4177
4187
4192
4193
4197
4207
4212
4214
4221
4239
4244
4257
4267
4279
4284
4299
4336
4364
4399
4400
4416
4427
4442
4464
4474
4483
4518
4526
4545
4547
4552
4559
4567
4579
4661
4748
4785
4850
4892
5034
5035
5056
5058
5060
